# Computed by https://github.com/vzsky/OEIS-compute/commit/c7533a7e9a3f5076ef2d93d715d5b8862cf23587
1 0
2 1
3 1
4 1
5 2
6 2
7 3
8 3
9 3
10 4
11 4
12 5
13 5
14 5
15 6
16 6
17 6
18 7
19 7
20 8
21 8
22 8
23 9
24 9
25 10
26 10
27 10
28 11
29 11
30 11
31 12
32 12
33 13
34 13
35 13
36 14
37 14
38 15
39 15
40 15
41 16
42 16
43 16
44 17
45 17
46 18
47 18
48 18
49 19
50 19
51 19
52 20
53 20
54 21
55 21
56 21
57 22
58 22
59 23
60 23
61 23
62 24
63 24
64 24
65 25
66 25
67 26
68 26
69 26
70 27
71 27
72 27
73 28
74 28
75 29
76 29
77 29
78 30
79 30
80 31
81 31
82 31
83 32
84 32
85 32
86 33
87 33
88 34
89 34
90 34
91 35
92 35
93 36
94 36
95 36
96 37
97 37
98 37
99 38
100 38
101 39
102 39
103 39
104 40
105 40
106 40
107 41
108 41
109 42
110 42
111 42
112 43
113 43
114 44
115 44
116 44
117 45
118 45
119 45
120 46
121 46
122 47
123 47
124 47
125 48
126 48
127 49
128 49
129 49
130 50
131 50
132 50
133 51
134 51
135 52
136 52
137 52
138 53
139 53
140 53
141 54
142 54
143 55
144 55
145 55
146 56
147 56
148 57
149 57
150 57
151 58
152 58
153 58
154 59
155 59
156 60
157 60
158 60
159 61
160 61
161 61
162 62
163 62
164 63
165 63
166 63
167 64
168 64
169 65
170 65
171 65
172 66
173 66
174 66
175 67
176 67
177 68
178 68
179 68
180 69
181 69
182 70
183 70
184 70
185 71
186 71
187 71
188 72
189 72
190 73
191 73
192 73
193 74
194 74
195 74
196 75
197 75
198 76
199 76
200 76
201 77
202 77
203 78
204 78
205 78
206 79
207 79
208 79
209 80
210 80
211 81
212 81
213 81
214 82
215 82
216 83
217 83
218 83
219 84
220 84
221 84
222 85
223 85
224 86
225 86
226 86
227 87
228 87
229 87
230 88
231 88
232 89
233 89
234 89
235 90
236 90
237 91
238 91
239 91
240 92
241 92
242 92
243 93
244 93
245 94
246 94
247 94
248 95
249 95
250 95
251 96
252 96
253 97
254 97
255 97
256 98
257 98
258 99
259 99
260 99
261 100
262 100
263 100
264 101
265 101
266 102
267 102
268 102
269 103
270 103
271 104
272 104
273 104
274 105
275 105
276 105
277 106
278 106
279 107
280 107
281 107
282 108
283 108
284 108
285 109
286 109
287 110
288 110
289 110
290 111
291 111
292 112
293 112
294 112
295 113
296 113
297 113
298 114
299 114
300 115
301 115
302 115
303 116
304 116
305 116
306 117
307 117
308 118
309 118
310 118
311 119
312 119
313 120
314 120
315 120
316 121
317 121
318 121
319 122
320 122
321 123
322 123
323 123
324 124
325 124
326 125
327 125
328 125
329 126
330 126
331 126
332 127
333 127
334 128
335 128
336 128
337 129
338 129
339 129
340 130
341 130
342 131
343 131
344 131
345 132
346 132
347 133
348 133
349 133
350 134
351 134
352 134
353 135
354 135
355 136
356 136
357 136
358 137
359 137
360 138
361 138
362 138
363 139
364 139
365 139
366 140
367 140
368 141
369 141
370 141
371 142
372 142
373 142
374 143
375 143
376 144
377 144
378 144
379 145
380 145
381 146
382 146
383 146
384 147
385 147
386 147
387 148
388 148
389 149
390 149
391 149
392 150
393 150
394 150
395 151
396 151
397 152
398 152
399 152
400 153
401 153
402 154
403 154
404 154
405 155
406 155
407 155
408 156
409 156
410 157
411 157
412 157
413 158
414 158
415 159
416 159
417 159
418 160
419 160
420 160
421 161
422 161
423 162
424 162
425 162
426 163
427 163
428 163
429 164
430 164
431 165
432 165
433 165
434 166
435 166
436 167
437 167
438 167
439 168
440 168
441 168
442 169
443 169
444 170
445 170
446 170
447 171
448 171
449 172
450 172
451 172
452 173
453 173
454 173
455 174
456 174
457 175
458 175
459 175
460 176
461 176
462 176
463 177
464 177
465 178
466 178
467 178
468 179
469 179
470 180
471 180
472 180
473 181
474 181
475 181
476 182
477 182
478 183
479 183
480 183
481 184
482 184
483 184
484 185
485 185
486 186
487 186
488 186
489 187
490 187
491 188
492 188
493 188
494 189
495 189
496 189
497 190
498 190
499 191
500 191
501 191
502 192
503 192
504 193
505 193
506 193
507 194
508 194
509 194
510 195
511 195
512 196
513 196
514 196
515 197
516 197
517 197
518 198
519 198
520 199
521 199
522 199
523 200
524 200
525 201
526 201
527 201
528 202
529 202
530 202
531 203
532 203
533 204
534 204
535 204
536 205
537 205
538 205
539 206
540 206
541 207
542 207
543 207
544 208
545 208
546 209
547 209
548 209
549 210
550 210
551 210
552 211
553 211
554 212
555 212
556 212
557 213
558 213
559 214
560 214
561 214
562 215
563 215
564 215
565 216
566 216
567 217
568 217
569 217
570 218
571 218
572 218
573 219
574 219
575 220
576 220
577 220
578 221
579 221
580 222
581 222
582 222
583 223
584 223
585 223
586 224
587 224
588 225
589 225
590 225
591 226
592 226
593 227
594 227
595 227
596 228
597 228
598 228
599 229
600 229
601 230
602 230
603 230
604 231
605 231
606 231
607 232
608 232
609 233
610 233
611 233
612 234
613 234
614 235
615 235
616 235
617 236
618 236
619 236
620 237
621 237
622 238
623 238
624 238
625 239
626 239
627 239
628 240
629 240
630 241
631 241
632 241
633 242
634 242
635 243
636 243
637 243
638 244
639 244
640 244
641 245
642 245
643 246
644 246
645 246
646 247
647 247
648 248
649 248
650 248
651 249
652 249
653 249
654 250
655 250
656 251
657 251
658 251
659 252
660 252
661 252
662 253
663 253
664 254
665 254
666 254
667 255
668 255
669 256
670 256
671 256
672 257
673 257
674 257
675 258
676 258
677 259
678 259
679 259
680 260
681 260
682 261
683 261
684 261
685 262
686 262
687 262
688 263
689 263
690 264
691 264
692 264
693 265
694 265
695 265
696 266
697 266
698 267
699 267
700 267
701 268
702 268
703 269
704 269
705 269
706 270
707 270
708 270
709 271
710 271
711 272
712 272
713 272
714 273
715 273
716 273
717 274
718 274
719 275
720 275
721 275
722 276
723 276
724 277
725 277
726 277
727 278
728 278
729 278
730 279
731 279
732 280
733 280
734 280
735 281
736 281
737 282
738 282
739 282
740 283
741 283
742 283
743 284
744 284
745 285
746 285
747 285
748 286
749 286
750 286
751 287
752 287
753 288
754 288
755 288
756 289
757 289
758 290
759 290
760 290
761 291
762 291
763 291
764 292
765 292
766 293
767 293
768 293
769 294
770 294
771 294
772 295
773 295
774 296
775 296
776 296
777 297
778 297
779 298
780 298
781 298
782 299
783 299
784 299
785 300
786 300
787 301
788 301
789 301
790 302
791 302
792 303
793 303
794 303
795 304
796 304
797 304
798 305
799 305
800 306
801 306
802 306
803 307
804 307
805 307
806 308
807 308
808 309
809 309
810 309
811 310
812 310
813 311
814 311
815 311
816 312
817 312
818 312
819 313
820 313
821 314
822 314
823 314
824 315
825 315
826 316
827 316
828 316
829 317
830 317
831 317
832 318
833 318
834 319
835 319
836 319
837 320
838 320
839 320
840 321
841 321
842 322
843 322
844 322
845 323
846 323
847 324
848 324
849 324
850 325
851 325
852 325
853 326
854 326
855 327
856 327
857 327
858 328
859 328
860 328
861 329
862 329
863 330
864 330
865 330
866 331
867 331
868 332
869 332
870 332
871 333
872 333
873 333
874 334
875 334
876 335
877 335
878 335
879 336
880 336
881 337
882 337
883 337
884 338
885 338
886 338
887 339
888 339
889 340
890 340
891 340
892 341
893 341
894 341
895 342
896 342
897 343
898 343
899 343
900 344
901 344
902 345
903 345
904 345
905 346
906 346
907 346
908 347
909 347
910 348
911 348
912 348
913 349
914 349
915 349
916 350
917 350
918 351
919 351
920 351
921 352
922 352
923 353
924 353
925 353
926 354
927 354
928 354
929 355
930 355
931 356
932 356
933 356
934 357
935 357
936 358
937 358
938 358
939 359
940 359
941 359
942 360
943 360
944 361
945 361
946 361
947 362
948 362
949 362
950 363
951 363
952 364
953 364
954 364
955 365
956 365
957 366
958 366
959 366
960 367
961 367
962 367
963 368
964 368
965 369
966 369
967 369
968 370
969 370
970 371
971 371
972 371
973 372
974 372
975 372
976 373
977 373
978 374
979 374
980 374
981 375
982 375
983 375
984 376
985 376
986 377
987 377
988 377
989 378
990 378
991 379
992 379
993 379
994 380
995 380
996 380
997 381
998 381
999 382
1000 382
1001 382
1002 383
1003 383
1004 383
1005 384
1006 384
1007 385
1008 385
1009 385
1010 386
1011 386
1012 387
1013 387
1014 387
1015 388
1016 388
1017 388
1018 389
1019 389
1020 390
1021 390
1022 390
1023 391
1024 391
1025 392
1026 392
1027 392
1028 393
1029 393
1030 393
1031 394
1032 394
1033 395
1034 395
1035 395
1036 396
1037 396
1038 396
1039 397
1040 397
1041 398
1042 398
1043 398
1044 399
1045 399
1046 400
1047 400
1048 400
1049 401
1050 401
1051 401
1052 402
1053 402
1054 403
1055 403
1056 403
1057 404
1058 404
1059 405
1060 405
1061 405
1062 406
1063 406
1064 406
1065 407
1066 407
1067 408
1068 408
1069 408
1070 409
1071 409
1072 409
1073 410
1074 410
1075 411
1076 411
1077 411
1078 412
1079 412
1080 413
1081 413
1082 413
1083 414
1084 414
1085 414
1086 415
1087 415
1088 416
1089 416
1090 416
1091 417
1092 417
1093 417
1094 418
1095 418
1096 419
1097 419
1098 419
1099 420
1100 420
1101 421
1102 421
1103 421
1104 422
1105 422
1106 422
1107 423
1108 423
1109 424
1110 424
1111 424
1112 425
1113 425
1114 426
1115 426
1116 426
1117 427
1118 427
1119 427
1120 428
1121 428
1122 429
1123 429
1124 429
1125 430
1126 430
1127 430
1128 431
1129 431
1130 432
1131 432
1132 432
1133 433
1134 433
1135 434
1136 434
1137 434
1138 435
1139 435
1140 435
1141 436
1142 436
1143 437
1144 437
1145 437
1146 438
1147 438
1148 438
1149 439
1150 439
1151 440
1152 440
1153 440
1154 441
1155 441
1156 442
1157 442
1158 442
1159 443
1160 443
1161 443
1162 444
1163 444
1164 445
1165 445
1166 445
1167 446
1168 446
1169 447
1170 447
1171 447
1172 448
1173 448
1174 448
1175 449
1176 449
1177 450
1178 450
1179 450
1180 451
1181 451
1182 451
1183 452
1184 452
1185 453
1186 453
1187 453
1188 454
1189 454
1190 455
1191 455
1192 455
1193 456
1194 456
1195 456
1196 457
1197 457
1198 458
1199 458
1200 458
1201 459
1202 459
1203 460
1204 460
1205 460
1206 461
1207 461
1208 461
1209 462
1210 462
1211 463
1212 463
1213 463
1214 464
1215 464
1216 464
1217 465
1218 465
1219 466
1220 466
1221 466
1222 467
1223 467
1224 468
1225 468
1226 468
1227 469
1228 469
1229 469
1230 470
1231 470
1232 471
1233 471
1234 471
1235 472
1236 472
1237 472
1238 473
1239 473
1240 474
1241 474
1242 474
1243 475
1244 475
1245 476
1246 476
1247 476
1248 477
1249 477
1250 477
1251 478
1252 478
1253 479
1254 479
1255 479
1256 480
1257 480
1258 481
1259 481
1260 481
1261 482
1262 482
1263 482
1264 483
1265 483
1266 484
1267 484
1268 484
1269 485
1270 485
1271 485
1272 486
1273 486
1274 487
1275 487
1276 487
1277 488
1278 488
1279 489
1280 489
1281 489
1282 490
1283 490
1284 490
1285 491
1286 491
1287 492
1288 492
1289 492
1290 493
1291 493
1292 493
1293 494
1294 494
1295 495
1296 495
1297 495
1298 496
1299 496
1300 497
1301 497
1302 497
1303 498
1304 498
1305 498
1306 499
1307 499
1308 500
1309 500
1310 500
1311 501
1312 501
1313 502
1314 502
1315 502
1316 503
1317 503
1318 503
1319 504
1320 504
1321 505
1322 505
1323 505
1324 506
1325 506
1326 506
1327 507
1328 507
1329 508
1330 508
1331 508
1332 509
1333 509
1334 510
1335 510
1336 510
1337 511
1338 511
1339 511
1340 512
1341 512
1342 513
1343 513
1344 513
1345 514
1346 514
1347 515
1348 515
1349 515
1350 516
1351 516
1352 516
1353 517
1354 517
1355 518
1356 518
1357 518
1358 519
1359 519
1360 519
1361 520
1362 520
1363 521
1364 521
1365 521
1366 522
1367 522
1368 523
1369 523
1370 523
1371 524
1372 524
1373 524
1374 525
1375 525
1376 526
1377 526
1378 526
1379 527
1380 527
1381 527
1382 528
1383 528
1384 529
1385 529
1386 529
1387 530
1388 530
1389 531
1390 531
1391 531
1392 532
1393 532
1394 532
1395 533
1396 533
1397 534
1398 534
1399 534
1400 535
1401 535
1402 536
1403 536
1404 536
1405 537
1406 537
1407 537
1408 538
1409 538
1410 539
1411 539
1412 539
1413 540
1414 540
1415 540
1416 541
1417 541
1418 542
1419 542
1420 542
1421 543
1422 543
1423 544
1424 544
1425 544
1426 545
1427 545
1428 545
1429 546
1430 546
1431 547
1432 547
1433 547
1434 548
1435 548
1436 549
1437 549
1438 549
1439 550
1440 550
1441 550
1442 551
1443 551
1444 552
1445 552
1446 552
1447 553
1448 553
1449 553
1450 554
1451 554
1452 555
1453 555
1454 555
1455 556
1456 556
1457 557
1458 557
1459 557
1460 558
1461 558
1462 558
1463 559
1464 559
1465 560
1466 560
1467 560
1468 561
1469 561
1470 561
1471 562
1472 562
1473 563
1474 563
1475 563
1476 564
1477 564
1478 565
1479 565
1480 565
1481 566
1482 566
1483 566
1484 567
1485 567
1486 568
1487 568
1488 568
1489 569
1490 569
1491 570
1492 570
1493 570
1494 571
1495 571
1496 571
1497 572
1498 572
1499 573
1500 573
1501 573
1502 574
1503 574
1504 574
1505 575
1506 575
1507 576
1508 576
1509 576
1510 577
1511 577
1512 578
1513 578
1514 578
1515 579
1516 579
1517 579
1518 580
1519 580
1520 581
1521 581
1522 581
1523 582
1524 582
1525 582
1526 583
1527 583
1528 584
1529 584
1530 584
1531 585
1532 585
1533 586
1534 586
1535 586
1536 587
1537 587
1538 587
1539 588
1540 588
1541 589
1542 589
1543 589
1544 590
1545 590
1546 591
1547 591
1548 591
1549 592
1550 592
1551 592
1552 593
1553 593
1554 594
1555 594
1556 594
1557 595
1558 595
1559 595
1560 596
1561 596
1562 597
1563 597
1564 597
1565 598
1566 598
1567 599
1568 599
1569 599
1570 600
1571 600
1572 600
1573 601
1574 601
1575 602
1576 602
1577 602
1578 603
1579 603
1580 604
1581 604
1582 604
1583 605
1584 605
1585 605
1586 606
1587 606
1588 607
1589 607
1590 607
1591 608
1592 608
1593 608
1594 609
1595 609
1596 610
1597 610
1598 610
1599 611
1600 611
1601 612
1602 612
1603 612
1604 613
1605 613
1606 613
1607 614
1608 614
1609 615
1610 615
1611 615
1612 616
1613 616
1614 616
1615 617
1616 617
1617 618
1618 618
1619 618
1620 619
1621 619
1622 620
1623 620
1624 620
1625 621
1626 621
1627 621
1628 622
1629 622
1630 623
1631 623
1632 623
1633 624
1634 624
1635 625
1636 625
1637 625
1638 626
1639 626
1640 626
1641 627
1642 627
1643 628
1644 628
1645 628
1646 629
1647 629
1648 629
1649 630
1650 630
1651 631
1652 631
1653 631
1654 632
1655 632
1656 633
1657 633
1658 633
1659 634
1660 634
1661 634
1662 635
1663 635
1664 636
1665 636
1666 636
1667 637
1668 637
1669 638
1670 638
1671 638
1672 639
1673 639
1674 639
1675 640
1676 640
1677 641
1678 641
1679 641
1680 642
1681 642
1682 642
1683 643
1684 643
1685 644
1686 644
1687 644
1688 645
1689 645
1690 646
1691 646
1692 646
1693 647
1694 647
1695 647
1696 648
1697 648
1698 649
1699 649
1700 649
1701 650
1702 650
1703 650
1704 651
1705 651
1706 652
1707 652
1708 652
1709 653
1710 653
1711 654
1712 654
1713 654
1714 655
1715 655
1716 655
1717 656
1718 656
1719 657
1720 657
1721 657
1722 658
1723 658
1724 659
1725 659
1726 659
1727 660
1728 660
1729 660
1730 661
1731 661
1732 662
1733 662
1734 662
1735 663
1736 663
1737 663
1738 664
1739 664
1740 665
1741 665
1742 665
1743 666
1744 666
1745 667
1746 667
1747 667
1748 668
1749 668
1750 668
1751 669
1752 669
1753 670
1754 670
1755 670
1756 671
1757 671
1758 671
1759 672
1760 672
1761 673
1762 673
1763 673
1764 674
1765 674
1766 675
1767 675
1768 675
1769 676
1770 676
1771 676
1772 677
1773 677
1774 678
1775 678
1776 678
1777 679
1778 679
1779 680
1780 680
1781 680
1782 681
1783 681
1784 681
1785 682
1786 682
1787 683
1788 683
1789 683
1790 684
1791 684
1792 684
1793 685
1794 685
1795 686
1796 686
1797 686
1798 687
1799 687
1800 688
1801 688
1802 688
1803 689
1804 689
1805 689
1806 690
1807 690
1808 691
1809 691
1810 691
1811 692
1812 692
1813 693
1814 693
1815 693
1816 694
1817 694
1818 694
1819 695
1820 695
1821 696
1822 696
1823 696
1824 697
1825 697
1826 697
1827 698
1828 698
1829 699
1830 699
1831 699
1832 700
1833 700
1834 701
1835 701
1836 701
1837 702
1838 702
1839 702
1840 703
1841 703
1842 704
1843 704
1844 704
1845 705
1846 705
1847 705
1848 706
1849 706
1850 707
1851 707
1852 707
1853 708
1854 708
1855 709
1856 709
1857 709
1858 710
1859 710
1860 710
1861 711
1862 711
1863 712
1864 712
1865 712
1866 713
1867 713
1868 714
1869 714
1870 714
1871 715
1872 715
1873 715
1874 716
1875 716
1876 717
1877 717
1878 717
1879 718
1880 718
1881 718
1882 719
1883 719
1884 720
1885 720
1886 720
1887 721
1888 721
1889 722
1890 722
1891 722
1892 723
1893 723
1894 723
1895 724
1896 724
1897 725
1898 725
1899 725
1900 726
1901 726
1902 726
1903 727
1904 727
1905 728
1906 728
1907 728
1908 729
1909 729
1910 730
1911 730
1912 730
1913 731
1914 731
1915 731
1916 732
1917 732
1918 733
1919 733
1920 733
1921 734
1922 734
1923 735
1924 735
1925 735
1926 736
1927 736
1928 736
1929 737
1930 737
1931 738
1932 738
1933 738
1934 739
1935 739
1936 739
1937 740
1938 740
1939 741
1940 741
1941 741
1942 742
1943 742
1944 743
1945 743
1946 743
1947 744
1948 744
1949 744
1950 745
1951 745
1952 746
1953 746
1954 746
1955 747
1956 747
1957 748
1958 748
1959 748
1960 749
1961 749
1962 749
1963 750
1964 750
1965 751
1966 751
1967 751
1968 752
1969 752
1970 752
1971 753
1972 753
1973 754
1974 754
1975 754
1976 755
1977 755
1978 756
1979 756
1980 756
1981 757
1982 757
1983 757
1984 758
1985 758
1986 759
1987 759
1988 759
1989 760
1990 760
1991 760
1992 761
1993 761
1994 762
1995 762
1996 762
1997 763
1998 763
1999 764
2000 764
2001 764
2002 765
2003 765
2004 765
2005 766
2006 766
2007 767
2008 767
2009 767
2010 768
2011 768
2012 769
2013 769
2014 769
2015 770
2016 770
2017 770
2018 771
2019 771
2020 772
2021 772
2022 772
2023 773
2024 773
2025 773
2026 774
2027 774
2028 775
2029 775
2030 775
2031 776
2032 776
2033 777
2034 777
2035 777
2036 778
2037 778
2038 778
2039 779
2040 779
2041 780
2042 780
2043 780
2044 781
2045 781
2046 782
2047 782
2048 782
2049 783
2050 783
2051 783
2052 784
2053 784
2054 785
2055 785
2056 785
2057 786
2058 786
2059 786
2060 787
2061 787
2062 788
2063 788
2064 788
2065 789
2066 789
2067 790
2068 790
2069 790
2070 791
2071 791
2072 791
2073 792
2074 792
2075 793
2076 793
2077 793
2078 794
2079 794
2080 794
2081 795
2082 795
2083 796
2084 796
2085 796
2086 797
2087 797
2088 798
2089 798
2090 798
2091 799
2092 799
2093 799
2094 800
2095 800
2096 801
2097 801
2098 801
2099 802
2100 802
2101 803
2102 803
2103 803
2104 804
2105 804
2106 804
2107 805
2108 805
2109 806
2110 806
2111 806
2112 807
2113 807
2114 807
2115 808
2116 808
2117 809
2118 809
2119 809
2120 810
2121 810
2122 811
2123 811
2124 811
2125 812
2126 812
2127 812
2128 813
2129 813
2130 814
2131 814
2132 814
2133 815
2134 815
2135 815
2136 816
2137 816
2138 817
2139 817
2140 817
2141 818
2142 818
2143 819
2144 819
2145 819
2146 820
2147 820
2148 820
2149 821
2150 821
2151 822
2152 822
2153 822
2154 823
2155 823
2156 824
2157 824
2158 824
2159 825
2160 825
2161 825
2162 826
2163 826
2164 827
2165 827
2166 827
2167 828
2168 828
2169 828
2170 829
2171 829
2172 830
2173 830
2174 830
2175 831
2176 831
2177 832
2178 832
2179 832
2180 833
2181 833
2182 833
2183 834
2184 834
2185 835
2186 835
2187 835
2188 836
2189 836
2190 837
2191 837
2192 837
2193 838
2194 838
2195 838
2196 839
2197 839
2198 840
2199 840
2200 840
2201 841
2202 841
2203 841
2204 842
2205 842
2206 843
2207 843
2208 843
2209 844
2210 844
2211 845
2212 845
2213 845
2214 846
2215 846
2216 846
2217 847
2218 847
2219 848
2220 848
2221 848
2222 849
2223 849
2224 849
2225 850
2226 850
2227 851
2228 851
2229 851
2230 852
2231 852
2232 853
2233 853
2234 853
2235 854
2236 854
2237 854
2238 855
2239 855
2240 856
2241 856
2242 856
2243 857
2244 857
2245 858
2246 858
2247 858
2248 859
2249 859
2250 859
2251 860
2252 860
2253 861
2254 861
2255 861
2256 862
2257 862
2258 862
2259 863
2260 863
2261 864
2262 864
2263 864
2264 865
2265 865
2266 866
2267 866
2268 866
2269 867
2270 867
2271 867
2272 868
2273 868
2274 869
2275 869
2276 869
2277 870
2278 870
2279 871
2280 871
2281 871
2282 872
2283 872
2284 872
2285 873
2286 873
2287 874
2288 874
2289 874
2290 875
2291 875
2292 875
2293 876
2294 876
2295 877
2296 877
2297 877
2298 878
2299 878
2300 879
2301 879
2302 879
2303 880
2304 880
2305 880
2306 881
2307 881
2308 882
2309 882
2310 882
2311 883
2312 883
2313 883
2314 884
2315 884
2316 885
2317 885
2318 885
2319 886
2320 886
2321 887
2322 887
2323 887
2324 888
2325 888
2326 888
2327 889
2328 889
2329 890
2330 890
2331 890
2332 891
2333 891
2334 892
2335 892
2336 892
2337 893
2338 893
2339 893
2340 894
2341 894
2342 895
2343 895
2344 895
2345 896
2346 896
2347 896
2348 897
2349 897
2350 898
2351 898
2352 898
2353 899
2354 899
2355 900
2356 900
2357 900
2358 901
2359 901
2360 901
2361 902
2362 902
2363 903
2364 903
2365 903
2366 904
2367 904
2368 904
2369 905
2370 905
2371 906
2372 906
2373 906
2374 907
2375 907
2376 908
2377 908
2378 908
2379 909
2380 909
2381 909
2382 910
2383 910
2384 911
2385 911
2386 911
2387 912
2388 912
2389 913
2390 913
2391 913
2392 914
2393 914
2394 914
2395 915
2396 915
2397 916
2398 916
2399 916
2400 917
2401 917
2402 917
2403 918
2404 918
2405 919
2406 919
2407 919
2408 920
2409 920
2410 921
2411 921
2412 921
2413 922
2414 922
2415 922
2416 923
2417 923
2418 924
2419 924
2420 924
2421 925
2422 925
2423 926
2424 926
2425 926
2426 927
2427 927
2428 927
2429 928
2430 928
2431 929
2432 929
2433 929
2434 930
2435 930
2436 930
2437 931
2438 931
2439 932
2440 932
2441 932
2442 933
2443 933
2444 934
2445 934
2446 934
2447 935
2448 935
2449 935
2450 936
2451 936
2452 937
2453 937
2454 937
2455 938
2456 938
2457 938
2458 939
2459 939
2460 940
2461 940
2462 940
2463 941
2464 941
2465 942
2466 942
2467 942
2468 943
2469 943
2470 943
2471 944
2472 944
2473 945
2474 945
2475 945
2476 946
2477 946
2478 947
2479 947
2480 947
2481 948
2482 948
2483 948
2484 949
2485 949
2486 950
2487 950
2488 950
2489 951
2490 951
2491 951
2492 952
2493 952
2494 953
2495 953
2496 953
2497 954
2498 954
2499 955
2500 955
2501 955
2502 956
2503 956
2504 956
2505 957
2506 957
2507 958
2508 958
2509 958
2510 959
2511 959
2512 959
2513 960
2514 960
2515 961
2516 961
2517 961
2518 962
2519 962
2520 963
2521 963
2522 963
2523 964
2524 964
2525 964
2526 965
2527 965
2528 966
2529 966
2530 966
2531 967
2532 967
2533 968
2534 968
2535 968
2536 969
2537 969
2538 969
2539 970
2540 970
2541 971
2542 971
2543 971
2544 972
2545 972
2546 972
2547 973
2548 973
2549 974
2550 974
2551 974
2552 975
2553 975
2554 976
2555 976
2556 976
2557 977
2558 977
2559 977
2560 978
2561 978
2562 979
2563 979
2564 979
2565 980
2566 980
2567 981
2568 981
2569 981
2570 982
2571 982
2572 982
2573 983
2574 983
2575 984
2576 984
2577 984
2578 985
2579 985
2580 985
2581 986
2582 986
2583 987
2584 987
2585 987
2586 988
2587 988
2588 989
2589 989
2590 989
2591 990
2592 990
2593 990
2594 991
2595 991
2596 992
2597 992
2598 992
2599 993
2600 993
2601 993
2602 994
2603 994
2604 995
2605 995
2606 995
2607 996
2608 996
2609 997
2610 997
2611 997
2612 998
2613 998
2614 998
2615 999
2616 999
2617 1000
2618 1000
2619 1000
2620 1001
2621 1001
2622 1002
2623 1002
2624 1002
2625 1003
2626 1003
2627 1003
2628 1004
2629 1004
2630 1005
2631 1005
2632 1005
2633 1006
2634 1006
2635 1006
2636 1007
2637 1007
2638 1008
2639 1008
2640 1008
2641 1009
2642 1009
2643 1010
2644 1010
2645 1010
2646 1011
2647 1011
2648 1011
2649 1012
2650 1012
2651 1013
2652 1013
2653 1013
2654 1014
2655 1014
2656 1015
2657 1015
2658 1015
2659 1016
2660 1016
2661 1016
2662 1017
2663 1017
2664 1018
2665 1018
2666 1018
2667 1019
2668 1019
2669 1019
2670 1020
2671 1020
2672 1021
2673 1021
2674 1021
2675 1022
2676 1022
2677 1023
2678 1023
2679 1023
2680 1024
2681 1024
2682 1024
2683 1025
2684 1025
2685 1026
2686 1026
2687 1026
2688 1027
2689 1027
2690 1027
2691 1028
2692 1028
2693 1029
2694 1029
2695 1029
2696 1030
2697 1030
2698 1031
2699 1031
2700 1031
2701 1032
2702 1032
2703 1032
2704 1033
2705 1033
2706 1034
2707 1034
2708 1034
2709 1035
2710 1035
2711 1036
2712 1036
2713 1036
2714 1037
2715 1037
2716 1037
2717 1038
2718 1038
2719 1039
2720 1039
2721 1039
2722 1040
2723 1040
2724 1040
2725 1041
2726 1041
2727 1042
2728 1042
2729 1042
2730 1043
2731 1043
2732 1044
2733 1044
2734 1044
2735 1045
2736 1045
2737 1045
2738 1046
2739 1046
2740 1047
2741 1047
2742 1047
2743 1048
2744 1048
2745 1048
2746 1049
2747 1049
2748 1050
2749 1050
2750 1050
2751 1051
2752 1051
2753 1052
2754 1052
2755 1052
2756 1053
2757 1053
2758 1053
2759 1054
2760 1054
2761 1055
2762 1055
2763 1055
2764 1056
2765 1056
2766 1057
2767 1057
2768 1057
2769 1058
2770 1058
2771 1058
2772 1059
2773 1059
2774 1060
2775 1060
2776 1060
2777 1061
2778 1061
2779 1061
2780 1062
2781 1062
2782 1063
2783 1063
2784 1063
2785 1064
2786 1064
2787 1065
2788 1065
2789 1065
2790 1066
2791 1066
2792 1066
2793 1067
2794 1067
2795 1068
2796 1068
2797 1068
2798 1069
2799 1069
2800 1070
2801 1070
2802 1070
2803 1071
2804 1071
2805 1071
2806 1072
2807 1072
2808 1073
2809 1073
2810 1073
2811 1074
2812 1074
2813 1074
2814 1075
2815 1075
2816 1076
2817 1076
2818 1076
2819 1077
2820 1077
2821 1078
2822 1078
2823 1078
2824 1079
2825 1079
2826 1079
2827 1080
2828 1080
2829 1081
2830 1081
2831 1081
2832 1082
2833 1082
2834 1082
2835 1083
2836 1083
2837 1084
2838 1084
2839 1084
2840 1085
2841 1085
2842 1086
2843 1086
2844 1086
2845 1087
2846 1087
2847 1087
2848 1088
2849 1088
2850 1089
2851 1089
2852 1089
2853 1090
2854 1090
2855 1091
2856 1091
2857 1091
2858 1092
2859 1092
2860 1092
2861 1093
2862 1093
2863 1094
2864 1094
2865 1094
2866 1095
2867 1095
2868 1095
2869 1096
2870 1096
2871 1097
2872 1097
2873 1097
2874 1098
2875 1098
2876 1099
2877 1099
2878 1099
2879 1100
2880 1100
2881 1100
2882 1101
2883 1101
2884 1102
2885 1102
2886 1102
2887 1103
2888 1103
2889 1103
2890 1104
2891 1104
2892 1105
2893 1105
2894 1105
2895 1106
2896 1106
2897 1107
2898 1107
2899 1107
2900 1108
2901 1108
2902 1108
2903 1109
2904 1109
2905 1110
2906 1110
2907 1110
2908 1111
2909 1111
2910 1112
2911 1112
2912 1112
2913 1113
2914 1113
2915 1113
2916 1114
2917 1114
2918 1115
2919 1115
2920 1115
2921 1116
2922 1116
2923 1116
2924 1117
2925 1117
2926 1118
2927 1118
2928 1118
2929 1119
2930 1119
2931 1120
2932 1120
2933 1120
2934 1121
2935 1121
2936 1121
2937 1122
2938 1122
2939 1123
2940 1123
2941 1123
2942 1124
2943 1124
2944 1125
2945 1125
2946 1125
2947 1126
2948 1126
2949 1126
2950 1127
2951 1127
2952 1128
2953 1128
2954 1128
2955 1129
2956 1129
2957 1129
2958 1130
2959 1130
2960 1131
2961 1131
2962 1131
2963 1132
2964 1132
2965 1133
2966 1133
2967 1133
2968 1134
2969 1134
2970 1134
2971 1135
2972 1135
2973 1136
2974 1136
2975 1136
2976 1137
2977 1137
2978 1137
2979 1138
2980 1138
2981 1139
2982 1139
2983 1139
2984 1140
2985 1140
2986 1141
2987 1141
2988 1141
2989 1142
2990 1142
2991 1142
2992 1143
2993 1143
2994 1144
2995 1144
2996 1144
2997 1145
2998 1145
2999 1146
3000 1146
3001 1146
3002 1147
3003 1147
3004 1147
3005 1148
3006 1148
3007 1149
3008 1149
3009 1149
3010 1150
3011 1150
3012 1150
3013 1151
3014 1151
3015 1152
3016 1152
3017 1152
3018 1153
3019 1153
3020 1154
3021 1154
3022 1154
3023 1155
3024 1155
3025 1155
3026 1156
3027 1156
3028 1157
3029 1157
3030 1157
3031 1158
3032 1158
3033 1159
3034 1159
3035 1159
3036 1160
3037 1160
3038 1160
3039 1161
3040 1161
3041 1162
3042 1162
3043 1162
3044 1163
3045 1163
3046 1163
3047 1164
3048 1164
3049 1165
3050 1165
3051 1165
3052 1166
3053 1166
3054 1167
3055 1167
3056 1167
3057 1168
3058 1168
3059 1168
3060 1169
3061 1169
3062 1170
3063 1170
3064 1170
3065 1171
3066 1171
3067 1171
3068 1172
3069 1172
3070 1173
3071 1173
3072 1173
3073 1174
3074 1174
3075 1175
3076 1175
3077 1175
3078 1176
3079 1176
3080 1176
3081 1177
3082 1177
3083 1178
3084 1178
3085 1178
3086 1179
3087 1179
3088 1180
3089 1180
3090 1180
3091 1181
3092 1181
3093 1181
3094 1182
3095 1182
3096 1183
3097 1183
3098 1183
3099 1184
3100 1184
3101 1184
3102 1185
3103 1185
3104 1186
3105 1186
3106 1186
3107 1187
3108 1187
3109 1188
3110 1188
3111 1188
3112 1189
3113 1189
3114 1189
3115 1190
3116 1190
3117 1191
3118 1191
3119 1191
3120 1192
3121 1192
3122 1192
3123 1193
3124 1193
3125 1194
3126 1194
3127 1194
3128 1195
3129 1195
3130 1196
3131 1196
3132 1196
3133 1197
3134 1197
3135 1197
3136 1198
3137 1198
3138 1199
3139 1199
3140 1199
3141 1200
3142 1200
3143 1201
3144 1201
3145 1201
3146 1202
3147 1202
3148 1202
3149 1203
3150 1203
3151 1204
3152 1204
3153 1204
3154 1205
3155 1205
3156 1205
3157 1206
3158 1206
3159 1207
3160 1207
3161 1207
3162 1208
3163 1208
3164 1209
3165 1209
3166 1209
3167 1210
3168 1210
3169 1210
3170 1211
3171 1211
3172 1212
3173 1212
3174 1212
3175 1213
3176 1213
3177 1214
3178 1214
3179 1214
3180 1215
3181 1215
3182 1215
3183 1216
3184 1216
3185 1217
3186 1217
3187 1217
3188 1218
3189 1218
3190 1218
3191 1219
3192 1219
3193 1220
3194 1220
3195 1220
3196 1221
3197 1221
3198 1222
3199 1222
3200 1222
3201 1223
3202 1223
3203 1223
3204 1224
3205 1224
3206 1225
3207 1225
3208 1225
3209 1226
3210 1226
3211 1226
3212 1227
3213 1227
3214 1228
3215 1228
3216 1228
3217 1229
3218 1229
3219 1230
3220 1230
3221 1230
3222 1231
3223 1231
3224 1231
3225 1232
3226 1232
3227 1233
3228 1233
3229 1233
3230 1234
3231 1234
3232 1235
3233 1235
3234 1235
3235 1236
3236 1236
3237 1236
3238 1237
3239 1237
3240 1238
3241 1238
3242 1238
3243 1239
3244 1239
3245 1239
3246 1240
3247 1240
3248 1241
3249 1241
3250 1241
3251 1242
3252 1242
3253 1243
3254 1243
3255 1243
3256 1244
3257 1244
3258 1244
3259 1245
3260 1245
3261 1246
3262 1246
3263 1246
3264 1247
3265 1247
3266 1248
3267 1248
3268 1248
3269 1249
3270 1249
3271 1249
3272 1250
3273 1250
3274 1251
3275 1251
3276 1251
3277 1252
3278 1252
3279 1252
3280 1253
3281 1253
3282 1254
3283 1254
3284 1254
3285 1255
3286 1255
3287 1256
3288 1256
3289 1256
3290 1257
3291 1257
3292 1257
3293 1258
3294 1258
3295 1259
3296 1259
3297 1259
3298 1260
3299 1260
3300 1260
3301 1261
3302 1261
3303 1262
3304 1262
3305 1262
3306 1263
3307 1263
3308 1264
3309 1264
3310 1264
3311 1265
3312 1265
3313 1265
3314 1266
3315 1266
3316 1267
3317 1267
3318 1267
3319 1268
3320 1268
3321 1269
3322 1269
3323 1269
3324 1270
3325 1270
3326 1270
3327 1271
3328 1271
3329 1272
3330 1272
3331 1272
3332 1273
3333 1273
3334 1273
3335 1274
3336 1274
3337 1275
3338 1275
3339 1275
3340 1276
3341 1276
3342 1277
3343 1277
3344 1277
3345 1278
3346 1278
3347 1278
3348 1279
3349 1279
3350 1280
3351 1280
3352 1280
3353 1281
3354 1281
3355 1281
3356 1282
3357 1282
3358 1283
3359 1283
3360 1283
3361 1284
3362 1284
3363 1285
3364 1285
3365 1285
3366 1286
3367 1286
3368 1286
3369 1287
3370 1287
3371 1288
3372 1288
3373 1288
3374 1289
3375 1289
3376 1290
3377 1290
3378 1290
3379 1291
3380 1291
3381 1291
3382 1292
3383 1292
3384 1293
3385 1293
3386 1293
3387 1294
3388 1294
3389 1294
3390 1295
3391 1295
3392 1296
3393 1296
3394 1296
3395 1297
3396 1297
3397 1298
3398 1298
3399 1298
3400 1299
3401 1299
3402 1299
3403 1300
3404 1300
3405 1301
3406 1301
3407 1301
3408 1302
3409 1302
3410 1303
3411 1303
3412 1303
3413 1304
3414 1304
3415 1304
3416 1305
3417 1305
3418 1306
3419 1306
3420 1306
3421 1307
3422 1307
3423 1307
3424 1308
3425 1308
3426 1309
3427 1309
3428 1309
3429 1310
3430 1310
3431 1311
3432 1311
3433 1311
3434 1312
3435 1312
3436 1312
3437 1313
3438 1313
3439 1314
3440 1314
3441 1314
3442 1315
3443 1315
3444 1315
3445 1316
3446 1316
3447 1317
3448 1317
3449 1317
3450 1318
3451 1318
3452 1319
3453 1319
3454 1319
3455 1320
3456 1320
3457 1320
3458 1321
3459 1321
3460 1322
3461 1322
3462 1322
3463 1323
3464 1323
3465 1324
3466 1324
3467 1324
3468 1325
3469 1325
3470 1325
3471 1326
3472 1326
3473 1327
3474 1327
3475 1327
3476 1328
3477 1328
3478 1328
3479 1329
3480 1329
3481 1330
3482 1330
3483 1330
3484 1331
3485 1331
3486 1332
3487 1332
3488 1332
3489 1333
3490 1333
3491 1333
3492 1334
3493 1334
3494 1335
3495 1335
3496 1335
3497 1336
3498 1336
3499 1336
3500 1337
3501 1337
3502 1338
3503 1338
3504 1338
3505 1339
3506 1339
3507 1340
3508 1340
3509 1340
3510 1341
3511 1341
3512 1341
3513 1342
3514 1342
3515 1343
3516 1343
3517 1343
3518 1344
3519 1344
3520 1345
3521 1345
3522 1345
3523 1346
3524 1346
3525 1346
3526 1347
3527 1347
3528 1348
3529 1348
3530 1348
3531 1349
3532 1349
3533 1349
3534 1350
3535 1350
3536 1351
3537 1351
3538 1351
3539 1352
3540 1352
3541 1353
3542 1353
3543 1353
3544 1354
3545 1354
3546 1354
3547 1355
3548 1355
3549 1356
3550 1356
3551 1356
3552 1357
3553 1357
3554 1358
3555 1358
3556 1358
3557 1359
3558 1359
3559 1359
3560 1360
3561 1360
3562 1361
3563 1361
3564 1361
3565 1362
3566 1362
3567 1362
3568 1363
3569 1363
3570 1364
3571 1364
3572 1364
3573 1365
3574 1365
3575 1366
3576 1366
3577 1366
3578 1367
3579 1367
3580 1367
3581 1368
3582 1368
3583 1369
3584 1369
3585 1369
3586 1370
3587 1370
3588 1370
3589 1371
3590 1371
3591 1372
3592 1372
3593 1372
3594 1373
3595 1373
3596 1374
3597 1374
3598 1374
3599 1375
3600 1375
3601 1375
3602 1376
3603 1376
3604 1377
3605 1377
3606 1377
3607 1378
3608 1378
3609 1379
3610 1379
3611 1379
3612 1380
3613 1380
3614 1380
3615 1381
3616 1381
3617 1382
3618 1382
3619 1382
3620 1383
3621 1383
3622 1383
3623 1384
3624 1384
3625 1385
3626 1385
3627 1385
3628 1386
3629 1386
3630 1387
3631 1387
3632 1387
3633 1388
3634 1388
3635 1388
3636 1389
3637 1389
3638 1390
3639 1390
3640 1390
3641 1391
3642 1391
3643 1392
3644 1392
3645 1392
3646 1393
3647 1393
3648 1393
3649 1394
3650 1394
3651 1395
3652 1395
3653 1395
3654 1396
3655 1396
3656 1396
3657 1397
3658 1397
3659 1398
3660 1398
3661 1398
3662 1399
3663 1399
3664 1400
3665 1400
3666 1400
3667 1401
3668 1401
3669 1401
3670 1402
3671 1402
3672 1403
3673 1403
3674 1403
3675 1404
3676 1404
3677 1404
3678 1405
3679 1405
3680 1406
3681 1406
3682 1406
3683 1407
3684 1407
3685 1408
3686 1408
3687 1408
3688 1409
3689 1409
3690 1409
3691 1410
3692 1410
3693 1411
3694 1411
3695 1411
3696 1412
3697 1412
3698 1413
3699 1413
3700 1413
3701 1414
3702 1414
3703 1414
3704 1415
3705 1415
3706 1416
3707 1416
3708 1416
3709 1417
3710 1417
3711 1417
3712 1418
3713 1418
3714 1419
3715 1419
3716 1419
3717 1420
3718 1420
3719 1421
3720 1421
3721 1421
3722 1422
3723 1422
3724 1422
3725 1423
3726 1423
3727 1424
3728 1424
3729 1424
3730 1425
3731 1425
3732 1425
3733 1426
3734 1426
3735 1427
3736 1427
3737 1427
3738 1428
3739 1428
3740 1429
3741 1429
3742 1429
3743 1430
3744 1430
3745 1430
3746 1431
3747 1431
3748 1432
3749 1432
3750 1432
3751 1433
3752 1433
3753 1434
3754 1434
3755 1434
3756 1435
3757 1435
3758 1435
3759 1436
3760 1436
3761 1437
3762 1437
3763 1437
3764 1438
3765 1438
3766 1438
3767 1439
3768 1439
3769 1440
3770 1440
3771 1440
3772 1441
3773 1441
3774 1442
3775 1442
3776 1442
3777 1443
3778 1443
3779 1443
3780 1444
3781 1444
3782 1445
3783 1445
3784 1445
3785 1446
3786 1446
3787 1447
3788 1447
3789 1447
3790 1448
3791 1448
3792 1448
3793 1449
3794 1449
3795 1450
3796 1450
3797 1450
3798 1451
3799 1451
3800 1451
3801 1452
3802 1452
3803 1453
3804 1453
3805 1453
3806 1454
3807 1454
3808 1455
3809 1455
3810 1455
3811 1456
3812 1456
3813 1456
3814 1457
3815 1457
3816 1458
3817 1458
3818 1458
3819 1459
3820 1459
3821 1459
3822 1460
3823 1460
3824 1461
3825 1461
3826 1461
3827 1462
3828 1462
3829 1463
3830 1463
3831 1463
3832 1464
3833 1464
3834 1464
3835 1465
3836 1465
3837 1466
3838 1466
3839 1466
3840 1467
3841 1467
3842 1468
3843 1468
3844 1468
3845 1469
3846 1469
3847 1469
3848 1470
3849 1470
3850 1471
3851 1471
3852 1471
3853 1472
3854 1472
3855 1472
3856 1473
3857 1473
3858 1474
3859 1474
3860 1474
3861 1475
3862 1475
3863 1476
3864 1476
3865 1476
3866 1477
3867 1477
3868 1477
3869 1478
3870 1478
3871 1479
3872 1479
3873 1479
3874 1480
3875 1480
3876 1481
3877 1481
3878 1481
3879 1482
3880 1482
3881 1482
3882 1483
3883 1483
3884 1484
3885 1484
3886 1484
3887 1485
3888 1485
3889 1485
3890 1486
3891 1486
3892 1487
3893 1487
3894 1487
3895 1488
3896 1488
3897 1489
3898 1489
3899 1489
3900 1490
3901 1490
3902 1490
3903 1491
3904 1491
3905 1492
3906 1492
3907 1492
3908 1493
3909 1493
3910 1493
3911 1494
3912 1494
3913 1495
3914 1495
3915 1495
3916 1496
3917 1496
3918 1497
3919 1497
3920 1497
3921 1498
3922 1498
3923 1498
3924 1499
3925 1499
3926 1500
3927 1500
3928 1500
3929 1501
3930 1501
3931 1502
3932 1502
3933 1502
3934 1503
3935 1503
3936 1503
3937 1504
3938 1504
3939 1505
3940 1505
3941 1505
3942 1506
3943 1506
3944 1506
3945 1507
3946 1507
3947 1508
3948 1508
3949 1508
3950 1509
3951 1509
3952 1510
3953 1510
3954 1510
3955 1511
3956 1511
3957 1511
3958 1512
3959 1512
3960 1513
3961 1513
3962 1513
3963 1514
3964 1514
3965 1514
3966 1515
3967 1515
3968 1516
3969 1516
3970 1516
3971 1517
3972 1517
3973 1518
3974 1518
3975 1518
3976 1519
3977 1519
3978 1519
3979 1520
3980 1520
3981 1521
3982 1521
3983 1521
3984 1522
3985 1522
3986 1523
3987 1523
3988 1523
3989 1524
3990 1524
3991 1524
3992 1525
3993 1525
3994 1526
3995 1526
3996 1526
3997 1527
3998 1527
3999 1527
4000 1528
4001 1528
4002 1529
4003 1529
4004 1529
4005 1530
4006 1530
4007 1531
4008 1531
4009 1531
4010 1532
4011 1532
4012 1532
4013 1533
4014 1533
4015 1534
4016 1534
4017 1534
4018 1535
4019 1535
4020 1536
4021 1536
4022 1536
4023 1537
4024 1537
4025 1537
4026 1538
4027 1538
4028 1539
4029 1539
4030 1539
4031 1540
4032 1540
4033 1540
4034 1541
4035 1541
4036 1542
4037 1542
4038 1542
4039 1543
4040 1543
4041 1544
4042 1544
4043 1544
4044 1545
4045 1545
4046 1545
4047 1546
4048 1546
4049 1547
4050 1547
4051 1547
4052 1548
4053 1548
4054 1548
4055 1549
4056 1549
4057 1550
4058 1550
4059 1550
4060 1551
4061 1551
4062 1552
4063 1552
4064 1552
4065 1553
4066 1553
4067 1553
4068 1554
4069 1554
4070 1555
4071 1555
4072 1555
4073 1556
4074 1556
4075 1557
4076 1557
4077 1557
4078 1558
4079 1558
4080 1558
4081 1559
4082 1559
4083 1560
4084 1560
4085 1560
4086 1561
4087 1561
4088 1561
4089 1562
4090 1562
4091 1563
4092 1563
4093 1563
4094 1564
4095 1564
4096 1565
4097 1565
4098 1565
4099 1566
4100 1566
4101 1566
4102 1567
4103 1567
4104 1568
4105 1568
4106 1568
4107 1569
4108 1569
4109 1569
4110 1570
4111 1570
4112 1571
4113 1571
4114 1571
4115 1572
4116 1572
4117 1573
4118 1573
4119 1573
4120 1574
4121 1574
4122 1574
4123 1575
4124 1575
4125 1576
4126 1576
4127 1576
4128 1577
4129 1577
4130 1578
4131 1578
4132 1578
4133 1579
4134 1579
4135 1579
4136 1580
4137 1580
4138 1581
4139 1581
4140 1581
4141 1582
4142 1582
4143 1582
4144 1583
4145 1583
4146 1584
4147 1584
4148 1584
4149 1585
4150 1585
4151 1586
4152 1586
4153 1586
4154 1587
4155 1587
4156 1587
4157 1588
4158 1588
4159 1589
4160 1589
4161 1589
4162 1590
4163 1590
4164 1591
4165 1591
4166 1591
4167 1592
4168 1592
4169 1592
4170 1593
4171 1593
4172 1594
4173 1594
4174 1594
4175 1595
4176 1595
4177 1595
4178 1596
4179 1596
4180 1597
4181 1597
4182 1597
4183 1598
4184 1598
4185 1599
4186 1599
4187 1599
4188 1600
4189 1600
4190 1600
4191 1601
4192 1601
4193 1602
4194 1602
4195 1602
4196 1603
4197 1603
4198 1603
4199 1604
4200 1604
4201 1605
4202 1605
4203 1605
4204 1606
4205 1606
4206 1607
4207 1607
4208 1607
4209 1608
4210 1608
4211 1608
4212 1609
4213 1609
4214 1610
4215 1610
4216 1610
4217 1611
4218 1611
4219 1612
4220 1612
4221 1612
4222 1613
4223 1613
4224 1613
4225 1614
4226 1614
4227 1615
4228 1615
4229 1615
4230 1616
4231 1616
4232 1616
4233 1617
4234 1617
4235 1618
4236 1618
4237 1618
4238 1619
4239 1619
4240 1620
4241 1620
4242 1620
4243 1621
4244 1621
4245 1621
4246 1622
4247 1622
4248 1623
4249 1623
4250 1623
4251 1624
4252 1624
4253 1625
4254 1625
4255 1625
4256 1626
4257 1626
4258 1626
4259 1627
4260 1627
4261 1628
4262 1628
4263 1628
4264 1629
4265 1629
4266 1629
4267 1630
4268 1630
4269 1631
4270 1631
4271 1631
4272 1632
4273 1632
4274 1633
4275 1633
4276 1633
4277 1634
4278 1634
4279 1634
4280 1635
4281 1635
4282 1636
4283 1636
4284 1636
4285 1637
4286 1637
4287 1637
4288 1638
4289 1638
4290 1639
4291 1639
4292 1639
4293 1640
4294 1640
4295 1641
4296 1641
4297 1641
4298 1642
4299 1642
4300 1642
4301 1643
4302 1643
4303 1644
4304 1644
4305 1644
4306 1645
4307 1645
4308 1646
4309 1646
4310 1646
4311 1647
4312 1647
4313 1647
4314 1648
4315 1648
4316 1649
4317 1649
4318 1649
4319 1650
4320 1650
4321 1650
4322 1651
4323 1651
4324 1652
4325 1652
4326 1652
4327 1653
4328 1653
4329 1654
4330 1654
4331 1654
4332 1655
4333 1655
4334 1655
4335 1656
4336 1656
4337 1657
4338 1657
4339 1657
4340 1658
4341 1658
4342 1658
4343 1659
4344 1659
4345 1660
4346 1660
4347 1660
4348 1661
4349 1661
4350 1662
4351 1662
4352 1662
4353 1663
4354 1663
4355 1663
4356 1664
4357 1664
4358 1665
4359 1665
4360 1665
4361 1666
4362 1666
4363 1667
4364 1667
4365 1667
4366 1668
4367 1668
4368 1668
4369 1669
4370 1669
4371 1670
4372 1670
4373 1670
4374 1671
4375 1671
4376 1671
4377 1672
4378 1672
4379 1673
4380 1673
4381 1673
4382 1674
4383 1674
4384 1675
4385 1675
4386 1675
4387 1676
4388 1676
4389 1676
4390 1677
4391 1677
4392 1678
4393 1678
4394 1678
4395 1679
4396 1679
4397 1680
4398 1680
4399 1680
4400 1681
4401 1681
4402 1681
4403 1682
4404 1682
4405 1683
4406 1683
4407 1683
4408 1684
4409 1684
4410 1684
4411 1685
4412 1685
4413 1686
4414 1686
4415 1686
4416 1687
4417 1687
4418 1688
4419 1688
4420 1688
4421 1689
4422 1689
4423 1689
4424 1690
4425 1690
4426 1691
4427 1691
4428 1691
4429 1692
4430 1692
4431 1692
4432 1693
4433 1693
4434 1694
4435 1694
4436 1694
4437 1695
4438 1695
4439 1696
4440 1696
4441 1696
4442 1697
4443 1697
4444 1697
4445 1698
4446 1698
4447 1699
4448 1699
4449 1699
4450 1700
4451 1700
4452 1701
4453 1701
4454 1701
4455 1702
4456 1702
4457 1702
4458 1703
4459 1703
4460 1704
4461 1704
4462 1704
4463 1705
4464 1705
4465 1705
4466 1706
4467 1706
4468 1707
4469 1707
4470 1707
4471 1708
4472 1708
4473 1709
4474 1709
4475 1709
4476 1710
4477 1710
4478 1710
4479 1711
4480 1711
4481 1712
4482 1712
4483 1712
4484 1713
4485 1713
4486 1713
4487 1714
4488 1714
4489 1715
4490 1715
4491 1715
4492 1716
4493 1716
4494 1717
4495 1717
4496 1717
4497 1718
4498 1718
4499 1718
4500 1719
4501 1719
4502 1720
4503 1720
4504 1720
4505 1721
4506 1721
4507 1722
4508 1722
4509 1722
4510 1723
4511 1723
4512 1723
4513 1724
4514 1724
4515 1725
4516 1725
4517 1725
4518 1726
4519 1726
4520 1726
4521 1727
4522 1727
4523 1728
4524 1728
4525 1728
4526 1729
4527 1729
4528 1730
4529 1730
4530 1730
4531 1731
4532 1731
4533 1731
4534 1732
4535 1732
4536 1733
4537 1733
4538 1733
4539 1734
4540 1734
4541 1735
4542 1735
4543 1735
4544 1736
4545 1736
4546 1736
4547 1737
4548 1737
4549 1738
4550 1738
4551 1738
4552 1739
4553 1739
4554 1739
4555 1740
4556 1740
4557 1741
4558 1741
4559 1741
4560 1742
4561 1742
4562 1743
4563 1743
4564 1743
4565 1744
4566 1744
4567 1744
4568 1745
4569 1745
4570 1746
4571 1746
4572 1746
4573 1747
4574 1747
4575 1747
4576 1748
4577 1748
4578 1749
4579 1749
4580 1749
4581 1750
4582 1750
4583 1751
4584 1751
4585 1751
4586 1752
4587 1752
4588 1752
4589 1753
4590 1753
4591 1754
4592 1754
4593 1754
4594 1755
4595 1755
4596 1756
4597 1756
4598 1756
4599 1757
4600 1757
4601 1757
4602 1758
4603 1758
4604 1759
4605 1759
4606 1759
4607 1760
4608 1760
4609 1760
4610 1761
4611 1761
4612 1762
4613 1762
4614 1762
4615 1763
4616 1763
4617 1764
4618 1764
4619 1764
4620 1765
4621 1765
4622 1765
4623 1766
4624 1766
4625 1767
4626 1767
4627 1767
4628 1768
4629 1768
4630 1769
4631 1769
4632 1769
4633 1770
4634 1770
4635 1770
4636 1771
4637 1771
4638 1772
4639 1772
4640 1772
4641 1773
4642 1773
4643 1773
4644 1774
4645 1774
4646 1775
4647 1775
4648 1775
4649 1776
4650 1776
4651 1777
4652 1777
4653 1777
4654 1778
4655 1778
4656 1778
4657 1779
4658 1779
4659 1780
4660 1780
4661 1780
4662 1781
4663 1781
4664 1781
4665 1782
4666 1782
4667 1783
4668 1783
4669 1783
4670 1784
4671 1784
4672 1785
4673 1785
4674 1785
4675 1786
4676 1786
4677 1786
4678 1787
4679 1787
4680 1788
4681 1788
4682 1788
4683 1789
4684 1789
4685 1790
4686 1790
4687 1790
4688 1791
4689 1791
4690 1791
4691 1792
4692 1792
4693 1793
4694 1793
4695 1793
4696 1794
4697 1794
4698 1794
4699 1795
4700 1795
4701 1796
4702 1796
4703 1796
4704 1797
4705 1797
4706 1798
4707 1798
4708 1798
4709 1799
4710 1799
4711 1799
4712 1800
4713 1800
4714 1801
4715 1801
4716 1801
4717 1802
4718 1802
4719 1802
4720 1803
4721 1803
4722 1804
4723 1804
4724 1804
4725 1805
4726 1805
4727 1806
4728 1806
4729 1806
4730 1807
4731 1807
4732 1807
4733 1808
4734 1808
4735 1809
4736 1809
4737 1809
4738 1810
4739 1810
4740 1811
4741 1811
4742 1811
4743 1812
4744 1812
4745 1812
4746 1813
4747 1813
4748 1814
4749 1814
4750 1814
4751 1815
4752 1815
4753 1815
4754 1816
4755 1816
4756 1817
4757 1817
4758 1817
4759 1818
4760 1818
4761 1819
4762 1819
4763 1819
4764 1820
4765 1820
4766 1820
4767 1821
4768 1821
4769 1822
4770 1822
4771 1822
4772 1823
4773 1823
4774 1824
4775 1824
4776 1824
4777 1825
4778 1825
4779 1825
4780 1826
4781 1826
4782 1827
4783 1827
4784 1827
4785 1828
4786 1828
4787 1828
4788 1829
4789 1829
4790 1830
4791 1830
4792 1830
4793 1831
4794 1831
4795 1832
4796 1832
4797 1832
4798 1833
4799 1833
4800 1833
4801 1834
4802 1834
4803 1835
4804 1835
4805 1835
4806 1836
4807 1836
4808 1836
4809 1837
4810 1837
4811 1838
4812 1838
4813 1838
4814 1839
4815 1839
4816 1840
4817 1840
4818 1840
4819 1841
4820 1841
4821 1841
4822 1842
4823 1842
4824 1843
4825 1843
4826 1843
4827 1844
4828 1844
4829 1845
4830 1845
4831 1845
4832 1846
4833 1846
4834 1846
4835 1847
4836 1847
4837 1848
4838 1848
4839 1848
4840 1849
4841 1849
4842 1849
4843 1850
4844 1850
4845 1851
4846 1851
4847 1851
4848 1852
4849 1852
4850 1853
4851 1853
4852 1853
4853 1854
4854 1854
4855 1854
4856 1855
4857 1855
4858 1856
4859 1856
4860 1856
4861 1857
4862 1857
4863 1858
4864 1858
4865 1858
4866 1859
4867 1859
4868 1859
4869 1860
4870 1860
4871 1861
4872 1861
4873 1861
4874 1862
4875 1862
4876 1862
4877 1863
4878 1863
4879 1864
4880 1864
4881 1864
4882 1865
4883 1865
4884 1866
4885 1866
4886 1866
4887 1867
4888 1867
4889 1867
4890 1868
4891 1868
4892 1869
4893 1869
4894 1869
4895 1870
4896 1870
4897 1870
4898 1871
4899 1871
4900 1872
4901 1872
4902 1872
4903 1873
4904 1873
4905 1874
4906 1874
4907 1874
4908 1875
4909 1875
4910 1875
4911 1876
4912 1876
4913 1877
4914 1877
4915 1877
4916 1878
4917 1878
4918 1879
4919 1879
4920 1879
4921 1880
4922 1880
4923 1880
4924 1881
4925 1881
4926 1882
4927 1882
4928 1882
4929 1883
4930 1883
4931 1883
4932 1884
4933 1884
4934 1885
4935 1885
4936 1885
4937 1886
4938 1886
4939 1887
4940 1887
4941 1887
4942 1888
4943 1888
4944 1888
4945 1889
4946 1889
4947 1890
4948 1890
4949 1890
4950 1891
4951 1891
4952 1891
4953 1892
4954 1892
4955 1893
4956 1893
4957 1893
4958 1894
4959 1894
4960 1895
4961 1895
4962 1895
4963 1896
4964 1896
4965 1896
4966 1897
4967 1897
4968 1898
4969 1898
4970 1898
4971 1899
4972 1899
4973 1900
4974 1900
4975 1900
4976 1901
4977 1901
4978 1901
4979 1902
4980 1902
4981 1903
4982 1903
4983 1903
4984 1904
4985 1904
4986 1904
4987 1905
4988 1905
4989 1906
4990 1906
4991 1906
4992 1907
4993 1907
4994 1908
4995 1908
4996 1908
4997 1909
4998 1909
4999 1909
5000 1910
5001 1910
5002 1911
5003 1911
5004 1911
5005 1912
5006 1912
5007 1913
5008 1913
5009 1913
5010 1914
5011 1914
5012 1914
5013 1915
5014 1915
5015 1916
5016 1916
5017 1916
5018 1917
5019 1917
5020 1917
5021 1918
5022 1918
5023 1919
5024 1919
5025 1919
5026 1920
5027 1920
5028 1921
5029 1921
5030 1921
5031 1922
5032 1922
5033 1922
5034 1923
5035 1923
5036 1924
5037 1924
5038 1924
5039 1925
5040 1925
5041 1925
5042 1926
5043 1926
5044 1927
5045 1927
5046 1927
5047 1928
5048 1928
5049 1929
5050 1929
5051 1929
5052 1930
5053 1930
5054 1930
5055 1931
5056 1931
5057 1932
5058 1932
5059 1932
5060 1933
5061 1933
5062 1934
5063 1934
5064 1934
5065 1935
5066 1935
5067 1935
5068 1936
5069 1936
5070 1937
5071 1937
5072 1937
5073 1938
5074 1938
5075 1938
5076 1939
5077 1939
5078 1940
5079 1940
5080 1940
5081 1941
5082 1941
5083 1942
5084 1942
5085 1942
5086 1943
5087 1943
5088 1943
5089 1944
5090 1944
5091 1945
5092 1945
5093 1945
5094 1946
5095 1946
5096 1946
5097 1947
5098 1947
5099 1948
5100 1948
5101 1948
5102 1949
5103 1949
5104 1950
5105 1950
5106 1950
5107 1951
5108 1951
5109 1951
5110 1952
5111 1952
5112 1953
5113 1953
5114 1953
5115 1954
5116 1954
5117 1955
5118 1955
5119 1955
5120 1956
5121 1956
5122 1956
5123 1957
5124 1957
5125 1958
5126 1958
5127 1958
5128 1959
5129 1959
5130 1959
5131 1960
5132 1960
5133 1961
5134 1961
5135 1961
5136 1962
5137 1962
5138 1963
5139 1963
5140 1963
5141 1964
5142 1964
5143 1964
5144 1965
5145 1965
5146 1966
5147 1966
5148 1966
5149 1967
5150 1967
5151 1968
5152 1968
5153 1968
5154 1969
5155 1969
5156 1969
5157 1970
5158 1970
5159 1971
5160 1971
5161 1971
5162 1972
5163 1972
5164 1972
5165 1973
5166 1973
5167 1974
5168 1974
5169 1974
5170 1975
5171 1975
5172 1976
5173 1976
5174 1976
5175 1977
5176 1977
5177 1977
5178 1978
5179 1978
5180 1979
5181 1979
5182 1979
5183 1980
5184 1980
5185 1980
5186 1981
5187 1981
5188 1982
5189 1982
5190 1982
5191 1983
5192 1983
5193 1984
5194 1984
5195 1984
5196 1985
5197 1985
5198 1985
5199 1986
5200 1986
5201 1987
5202 1987
5203 1987
5204 1988
5205 1988
5206 1989
5207 1989
5208 1989
5209 1990
5210 1990
5211 1990
5212 1991
5213 1991
5214 1992
5215 1992
5216 1992
5217 1993
5218 1993
5219 1993
5220 1994
5221 1994
5222 1995
5223 1995
5224 1995
5225 1996
5226 1996
5227 1997
5228 1997
5229 1997
5230 1998
5231 1998
5232 1998
5233 1999
5234 1999
5235 2000
5236 2000
5237 2000
5238 2001
5239 2001
5240 2002
5241 2002
5242 2002
5243 2003
5244 2003
5245 2003
5246 2004
5247 2004
5248 2005
5249 2005
5250 2005
5251 2006
5252 2006
5253 2006
5254 2007
5255 2007
5256 2008
5257 2008
5258 2008
5259 2009
5260 2009
5261 2010
5262 2010
5263 2010
5264 2011
5265 2011
5266 2011
5267 2012
5268 2012
5269 2013
5270 2013
5271 2013
5272 2014
5273 2014
5274 2014
5275 2015
5276 2015
5277 2016
5278 2016
5279 2016
5280 2017
5281 2017
5282 2018
5283 2018
5284 2018
5285 2019
5286 2019
5287 2019
5288 2020
5289 2020
5290 2021
5291 2021
5292 2021
5293 2022
5294 2022
5295 2023
5296 2023
5297 2023
5298 2024
5299 2024
5300 2024
5301 2025
5302 2025
5303 2026
5304 2026
5305 2026
5306 2027
5307 2027
5308 2027
5309 2028
5310 2028
5311 2029
5312 2029
5313 2029
5314 2030
5315 2030
5316 2031
5317 2031
5318 2031
5319 2032
5320 2032
5321 2032
5322 2033
5323 2033
5324 2034
5325 2034
5326 2034
5327 2035
5328 2035
5329 2035
5330 2036
5331 2036
5332 2037
5333 2037
5334 2037
5335 2038
5336 2038
5337 2039
5338 2039
5339 2039
5340 2040
5341 2040
5342 2040
5343 2041
5344 2041
5345 2042
5346 2042
5347 2042
5348 2043
5349 2043
5350 2044
5351 2044
5352 2044
5353 2045
5354 2045
5355 2045
5356 2046
5357 2046
5358 2047
5359 2047
5360 2047
5361 2048
5362 2048
5363 2048
5364 2049
5365 2049
5366 2050
5367 2050
5368 2050
5369 2051
5370 2051
5371 2052
5372 2052
5373 2052
5374 2053
5375 2053
5376 2053
5377 2054
5378 2054
5379 2055
5380 2055
5381 2055
5382 2056
5383 2056
5384 2057
5385 2057
5386 2057
5387 2058
5388 2058
5389 2058
5390 2059
5391 2059
5392 2060
5393 2060
5394 2060
5395 2061
5396 2061
5397 2061
5398 2062
5399 2062
5400 2063
5401 2063
5402 2063
5403 2064
5404 2064
5405 2065
5406 2065
5407 2065
5408 2066
5409 2066
5410 2066
5411 2067
5412 2067
5413 2068
5414 2068
5415 2068
5416 2069
5417 2069
5418 2069
5419 2070
5420 2070
5421 2071
5422 2071
5423 2071
5424 2072
5425 2072
5426 2073
5427 2073
5428 2073
5429 2074
5430 2074
5431 2074
5432 2075
5433 2075
5434 2076
5435 2076
5436 2076
5437 2077
5438 2077
5439 2078
5440 2078
5441 2078
5442 2079
5443 2079
5444 2079
5445 2080
5446 2080
5447 2081
5448 2081
5449 2081
5450 2082
5451 2082
5452 2082
5453 2083
5454 2083
5455 2084
5456 2084
5457 2084
5458 2085
5459 2085
5460 2086
5461 2086
5462 2086
5463 2087
5464 2087
5465 2087
5466 2088
5467 2088
5468 2089
5469 2089
5470 2089
5471 2090
5472 2090
5473 2090
5474 2091
5475 2091
5476 2092
5477 2092
5478 2092
5479 2093
5480 2093
5481 2094
5482 2094
5483 2094
5484 2095
5485 2095
5486 2095
5487 2096
5488 2096
5489 2097
5490 2097
5491 2097
5492 2098
5493 2098
5494 2099
5495 2099
5496 2099
5497 2100
5498 2100
5499 2100
5500 2101
5501 2101
5502 2102
5503 2102
5504 2102
5505 2103
5506 2103
5507 2103
5508 2104
5509 2104
5510 2105
5511 2105
5512 2105
5513 2106
5514 2106
5515 2107
5516 2107
5517 2107
5518 2108
5519 2108
5520 2108
5521 2109
5522 2109
5523 2110
5524 2110
5525 2110
5526 2111
5527 2111
5528 2112
5529 2112
5530 2112
5531 2113
5532 2113
5533 2113
5534 2114
5535 2114
5536 2115
5537 2115
5538 2115
5539 2116
5540 2116
5541 2116
5542 2117
5543 2117
5544 2118
5545 2118
5546 2118
5547 2119
5548 2119
5549 2120
5550 2120
5551 2120
5552 2121
5553 2121
5554 2121
5555 2122
5556 2122
5557 2123
5558 2123
5559 2123
5560 2124
5561 2124
5562 2124
5563 2125
5564 2125
5565 2126
5566 2126
5567 2126
5568 2127
5569 2127
5570 2128
5571 2128
5572 2128
5573 2129
5574 2129
5575 2129
5576 2130
5577 2130
5578 2131
5579 2131
5580 2131
5581 2132
5582 2132
5583 2133
5584 2133
5585 2133
5586 2134
5587 2134
5588 2134
5589 2135
5590 2135
5591 2136
5592 2136
5593 2136
5594 2137
5595 2137
5596 2137
5597 2138
5598 2138
5599 2139
5600 2139
5601 2139
5602 2140
5603 2140
5604 2141
5605 2141
5606 2141
5607 2142
5608 2142
5609 2142
5610 2143
5611 2143
5612 2144
5613 2144
5614 2144
5615 2145
5616 2145
5617 2146
5618 2146
5619 2146
5620 2147
5621 2147
5622 2147
5623 2148
5624 2148
5625 2149
5626 2149
5627 2149
5628 2150
5629 2150
5630 2150
5631 2151
5632 2151
5633 2152
5634 2152
5635 2152
5636 2153
5637 2153
5638 2154
5639 2154
5640 2154
5641 2155
5642 2155
5643 2155
5644 2156
5645 2156
5646 2157
5647 2157
5648 2157
5649 2158
5650 2158
5651 2158
5652 2159
5653 2159
5654 2160
5655 2160
5656 2160
5657 2161
5658 2161
5659 2162
5660 2162
5661 2162
5662 2163
5663 2163
5664 2163
5665 2164
5666 2164
5667 2165
5668 2165
5669 2165
5670 2166
5671 2166
5672 2167
5673 2167
5674 2167
5675 2168
5676 2168
5677 2168
5678 2169
5679 2169
5680 2170
5681 2170
5682 2170
5683 2171
5684 2171
5685 2171
5686 2172
5687 2172
5688 2173
5689 2173
5690 2173
5691 2174
5692 2174
5693 2175
5694 2175
5695 2175
5696 2176
5697 2176
5698 2176
5699 2177
5700 2177
5701 2178
5702 2178
5703 2178
5704 2179
5705 2179
5706 2179
5707 2180
5708 2180
5709 2181
5710 2181
5711 2181
5712 2182
5713 2182
5714 2183
5715 2183
5716 2183
5717 2184
5718 2184
5719 2184
5720 2185
5721 2185
5722 2186
5723 2186
5724 2186
5725 2187
5726 2187
5727 2188
5728 2188
5729 2188
5730 2189
5731 2189
5732 2189
5733 2190
5734 2190
5735 2191
5736 2191
5737 2191
5738 2192
5739 2192
5740 2192
5741 2193
5742 2193
5743 2194
5744 2194
5745 2194
5746 2195
5747 2195
5748 2196
5749 2196
5750 2196
5751 2197
5752 2197
5753 2197
5754 2198
5755 2198
5756 2199
5757 2199
5758 2199
5759 2200
5760 2200
5761 2201
5762 2201
5763 2201
5764 2202
5765 2202
5766 2202
5767 2203
5768 2203
5769 2204
5770 2204
5771 2204
5772 2205
5773 2205
5774 2205
5775 2206
5776 2206
5777 2207
5778 2207
5779 2207
5780 2208
5781 2208
5782 2209
5783 2209
5784 2209
5785 2210
5786 2210
5787 2210
5788 2211
5789 2211
5790 2212
5791 2212
5792 2212
5793 2213
5794 2213
5795 2213
5796 2214
5797 2214
5798 2215
5799 2215
5800 2215
5801 2216
5802 2216
5803 2217
5804 2217
5805 2217
5806 2218
5807 2218
5808 2218
5809 2219
5810 2219
5811 2220
5812 2220
5813 2220
5814 2221
5815 2221
5816 2222
5817 2222
5818 2222
5819 2223
5820 2223
5821 2223
5822 2224
5823 2224
5824 2225
5825 2225
5826 2225
5827 2226
5828 2226
5829 2226
5830 2227
5831 2227
5832 2228
5833 2228
5834 2228
5835 2229
5836 2229
5837 2230
5838 2230
5839 2230
5840 2231
5841 2231
5842 2231
5843 2232
5844 2232
5845 2233
5846 2233
5847 2233
5848 2234
5849 2234
5850 2235
5851 2235
5852 2235
5853 2236
5854 2236
5855 2236
5856 2237
5857 2237
5858 2238
5859 2238
5860 2238
5861 2239
5862 2239
5863 2239
5864 2240
5865 2240
5866 2241
5867 2241
5868 2241
5869 2242
5870 2242
5871 2243
5872 2243
5873 2243
5874 2244
5875 2244
5876 2244
5877 2245
5878 2245
5879 2246
5880 2246
5881 2246
5882 2247
5883 2247
5884 2247
5885 2248
5886 2248
5887 2249
5888 2249
5889 2249
5890 2250
5891 2250
5892 2251
5893 2251
5894 2251
5895 2252
5896 2252
5897 2252
5898 2253
5899 2253
5900 2254
5901 2254
5902 2254
5903 2255
5904 2255
5905 2256
5906 2256
5907 2256
5908 2257
5909 2257
5910 2257
5911 2258
5912 2258
5913 2259
5914 2259
5915 2259
5916 2260
5917 2260
5918 2260
5919 2261
5920 2261
5921 2262
5922 2262
5923 2262
5924 2263
5925 2263
5926 2264
5927 2264
5928 2264
5929 2265
5930 2265
5931 2265
5932 2266
5933 2266
5934 2267
5935 2267
5936 2267
5937 2268
5938 2268
5939 2268
5940 2269
5941 2269
5942 2270
5943 2270
5944 2270
5945 2271
5946 2271
5947 2272
5948 2272
5949 2272
5950 2273
5951 2273
5952 2273
5953 2274
5954 2274
5955 2275
5956 2275
5957 2275
5958 2276
5959 2276
5960 2277
5961 2277
5962 2277
5963 2278
5964 2278
5965 2278
5966 2279
5967 2279
5968 2280
5969 2280
5970 2280
5971 2281
5972 2281
5973 2281
5974 2282
5975 2282
5976 2283
5977 2283
5978 2283
5979 2284
5980 2284
5981 2285
5982 2285
5983 2285
5984 2286
5985 2286
5986 2286
5987 2287
5988 2287
5989 2288
5990 2288
5991 2288
5992 2289
5993 2289
5994 2290
5995 2290
5996 2290
5997 2291
5998 2291
5999 2291
6000 2292
6001 2292
6002 2293
6003 2293
6004 2293
6005 2294
6006 2294
6007 2294
6008 2295
6009 2295
6010 2296
6011 2296
6012 2296
6013 2297
6014 2297
6015 2298
6016 2298
6017 2298
6018 2299
6019 2299
6020 2299
6021 2300
6022 2300
6023 2301
6024 2301
6025 2301
6026 2302
6027 2302
6028 2302
6029 2303
6030 2303
6031 2304
6032 2304
6033 2304
6034 2305
6035 2305
6036 2306
6037 2306
6038 2306
6039 2307
6040 2307
6041 2307
6042 2308
6043 2308
6044 2309
6045 2309
6046 2309
6047 2310
6048 2310
6049 2311
6050 2311
6051 2311
6052 2312
6053 2312
6054 2312
6055 2313
6056 2313
6057 2314
6058 2314
6059 2314
6060 2315
6061 2315
6062 2315
6063 2316
6064 2316
6065 2317
6066 2317
6067 2317
6068 2318
6069 2318
6070 2319
6071 2319
6072 2319
6073 2320
6074 2320
6075 2320
6076 2321
6077 2321
6078 2322
6079 2322
6080 2322
6081 2323
6082 2323
6083 2323
6084 2324
6085 2324
6086 2325
6087 2325
6088 2325
6089 2326
6090 2326
6091 2327
6092 2327
6093 2327
6094 2328
6095 2328
6096 2328
6097 2329
6098 2329
6099 2330
6100 2330
6101 2330
6102 2331
6103 2331
6104 2332
6105 2332
6106 2332
6107 2333
6108 2333
6109 2333
6110 2334
6111 2334
6112 2335
6113 2335
6114 2335
6115 2336
6116 2336
6117 2336
6118 2337
6119 2337
6120 2338
6121 2338
6122 2338
6123 2339
6124 2339
6125 2340
6126 2340
6127 2340
6128 2341
6129 2341
6130 2341
6131 2342
6132 2342
6133 2343
6134 2343
6135 2343
6136 2344
6137 2344
6138 2345
6139 2345
6140 2345
6141 2346
6142 2346
6143 2346
6144 2347
6145 2347
6146 2348
6147 2348
6148 2348
6149 2349
6150 2349
6151 2349
6152 2350
6153 2350
6154 2351
6155 2351
6156 2351
6157 2352
6158 2352
6159 2353
6160 2353
6161 2353
6162 2354
6163 2354
6164 2354
6165 2355
6166 2355
6167 2356
6168 2356
6169 2356
6170 2357
6171 2357
6172 2357
6173 2358
6174 2358
6175 2359
6176 2359
6177 2359
6178 2360
6179 2360
6180 2361
6181 2361
6182 2361
6183 2362
6184 2362
6185 2362
6186 2363
6187 2363
6188 2364
6189 2364
6190 2364
6191 2365
6192 2365
6193 2366
6194 2366
6195 2366
6196 2367
6197 2367
6198 2367
6199 2368
6200 2368
6201 2369
6202 2369
6203 2369
6204 2370
6205 2370
6206 2370
6207 2371
6208 2371
6209 2372
6210 2372
6211 2372
6212 2373
6213 2373
6214 2374
6215 2374
6216 2374
6217 2375
6218 2375
6219 2375
6220 2376
6221 2376
6222 2377
6223 2377
6224 2377
6225 2378
6226 2378
6227 2379
6228 2379
6229 2379
6230 2380
6231 2380
6232 2380
6233 2381
6234 2381
6235 2382
6236 2382
6237 2382
6238 2383
6239 2383
6240 2383
6241 2384
6242 2384
6243 2385
6244 2385
6245 2385
6246 2386
6247 2386
6248 2387
6249 2387
6250 2387
6251 2388
6252 2388
6253 2388
6254 2389
6255 2389
6256 2390
6257 2390
6258 2390
6259 2391
6260 2391
6261 2391
6262 2392
6263 2392
6264 2393
6265 2393
6266 2393
6267 2394
6268 2394
6269 2395
6270 2395
6271 2395
6272 2396
6273 2396
6274 2396
6275 2397
6276 2397
6277 2398
6278 2398
6279 2398
6280 2399
6281 2399
6282 2400
6283 2400
6284 2400
6285 2401
6286 2401
6287 2401
6288 2402
6289 2402
6290 2403
6291 2403
6292 2403
6293 2404
6294 2404
6295 2404
6296 2405
6297 2405
6298 2406
6299 2406
6300 2406
6301 2407
6302 2407
6303 2408
6304 2408
6305 2408
6306 2409
6307 2409
6308 2409
6309 2410
6310 2410
6311 2411
6312 2411
6313 2411
6314 2412
6315 2412
6316 2412
6317 2413
6318 2413
6319 2414
6320 2414
6321 2414
6322 2415
6323 2415
6324 2416
6325 2416
6326 2416
6327 2417
6328 2417
6329 2417
6330 2418
6331 2418
6332 2419
6333 2419
6334 2419
6335 2420
6336 2420
6337 2421
6338 2421
6339 2421
6340 2422
6341 2422
6342 2422
6343 2423
6344 2423
6345 2424
6346 2424
6347 2424
6348 2425
6349 2425
6350 2425
6351 2426
6352 2426
6353 2427
6354 2427
6355 2427
6356 2428
6357 2428
6358 2429
6359 2429
6360 2429
6361 2430
6362 2430
6363 2430
6364 2431
6365 2431
6366 2432
6367 2432
6368 2432
6369 2433
6370 2433
6371 2434
6372 2434
6373 2434
6374 2435
6375 2435
6376 2435
6377 2436
6378 2436
6379 2437
6380 2437
6381 2437
6382 2438
6383 2438
6384 2438
6385 2439
6386 2439
6387 2440
6388 2440
6389 2440
6390 2441
6391 2441
6392 2442
6393 2442
6394 2442
6395 2443
6396 2443
6397 2443
6398 2444
6399 2444
6400 2445
6401 2445
6402 2445
6403 2446
6404 2446
6405 2446
6406 2447
6407 2447
6408 2448
6409 2448
6410 2448
6411 2449
6412 2449
6413 2450
6414 2450
6415 2450
6416 2451
6417 2451
6418 2451
6419 2452
6420 2452
6421 2453
6422 2453
6423 2453
6424 2454
6425 2454
6426 2455
6427 2455
6428 2455
6429 2456
6430 2456
6431 2456
6432 2457
6433 2457
6434 2458
6435 2458
6436 2458
6437 2459
6438 2459
6439 2459
6440 2460
6441 2460
6442 2461
6443 2461
6444 2461
6445 2462
6446 2462
6447 2463
6448 2463
6449 2463
6450 2464
6451 2464
6452 2464
6453 2465
6454 2465
6455 2466
6456 2466
6457 2466
6458 2467
6459 2467
6460 2468
6461 2468
6462 2468
6463 2469
6464 2469
6465 2469
6466 2470
6467 2470
6468 2471
6469 2471
6470 2471
6471 2472
6472 2472
6473 2472
6474 2473
6475 2473
6476 2474
6477 2474
6478 2474
6479 2475
6480 2475
6481 2476
6482 2476
6483 2476
6484 2477
6485 2477
6486 2477
6487 2478
6488 2478
6489 2479
6490 2479
6491 2479
6492 2480
6493 2480
6494 2480
6495 2481
6496 2481
6497 2482
6498 2482
6499 2482
6500 2483
6501 2483
6502 2484
6503 2484
6504 2484
6505 2485
6506 2485
6507 2485
6508 2486
6509 2486
6510 2487
6511 2487
6512 2487
6513 2488
6514 2488
6515 2489
6516 2489
6517 2489
6518 2490
6519 2490
6520 2490
6521 2491
6522 2491
6523 2492
6524 2492
6525 2492
6526 2493
6527 2493
6528 2493
6529 2494
6530 2494
6531 2495
6532 2495
6533 2495
6534 2496
6535 2496
6536 2497
6537 2497
6538 2497
6539 2498
6540 2498
6541 2498
6542 2499
6543 2499
6544 2500
6545 2500
6546 2500
6547 2501
6548 2501
6549 2501
6550 2502
6551 2502
6552 2503
6553 2503
6554 2503
6555 2504
6556 2504
6557 2505
6558 2505
6559 2505
6560 2506
6561 2506
6562 2506
6563 2507
6564 2507
6565 2508
6566 2508
6567 2508
6568 2509
6569 2509
6570 2510
6571 2510
6572 2510
6573 2511
6574 2511
6575 2511
6576 2512
6577 2512
6578 2513
6579 2513
6580 2513
6581 2514
6582 2514
6583 2514
6584 2515
6585 2515
6586 2516
6587 2516
6588 2516
6589 2517
6590 2517
6591 2518
6592 2518
6593 2518
6594 2519
6595 2519
6596 2519
6597 2520
6598 2520
6599 2521
6600 2521
6601 2521
6602 2522
6603 2522
6604 2523
6605 2523
6606 2523
6607 2524
6608 2524
6609 2524
6610 2525
6611 2525
6612 2526
6613 2526
6614 2526
6615 2527
6616 2527
6617 2527
6618 2528
6619 2528
6620 2529
6621 2529
6622 2529
6623 2530
6624 2530
6625 2531
6626 2531
6627 2531
6628 2532
6629 2532
6630 2532
6631 2533
6632 2533
6633 2534
6634 2534
6635 2534
6636 2535
6637 2535
6638 2535
6639 2536
6640 2536
6641 2537
6642 2537
6643 2537
6644 2538
6645 2538
6646 2539
6647 2539
6648 2539
6649 2540
6650 2540
6651 2540
6652 2541
6653 2541
6654 2542
6655 2542
6656 2542
6657 2543
6658 2543
6659 2544
6660 2544
6661 2544
6662 2545
6663 2545
6664 2545
6665 2546
6666 2546
6667 2547
6668 2547
6669 2547
6670 2548
6671 2548
6672 2548
6673 2549
6674 2549
6675 2550
6676 2550
6677 2550
6678 2551
6679 2551
6680 2552
6681 2552
6682 2552
6683 2553
6684 2553
6685 2553
6686 2554
6687 2554
6688 2555
6689 2555
6690 2555
6691 2556
6692 2556
6693 2556
6694 2557
6695 2557
6696 2558
6697 2558
6698 2558
6699 2559
6700 2559
6701 2560
6702 2560
6703 2560
6704 2561
6705 2561
6706 2561
6707 2562
6708 2562
6709 2563
6710 2563
6711 2563
6712 2564
6713 2564
6714 2565
6715 2565
6716 2565
6717 2566
6718 2566
6719 2566
6720 2567
6721 2567
6722 2568
6723 2568
6724 2568
6725 2569
6726 2569
6727 2569
6728 2570
6729 2570
6730 2571
6731 2571
6732 2571
6733 2572
6734 2572
6735 2573
6736 2573
6737 2573
6738 2574
6739 2574
6740 2574
6741 2575
6742 2575
6743 2576
6744 2576
6745 2576
6746 2577
6747 2577
6748 2578
6749 2578
6750 2578
6751 2579
6752 2579
6753 2579
6754 2580
6755 2580
6756 2581
6757 2581
6758 2581
6759 2582
6760 2582
6761 2582
6762 2583
6763 2583
6764 2584
6765 2584
6766 2584
6767 2585
6768 2585
6769 2586
6770 2586
6771 2586
6772 2587
6773 2587
6774 2587
6775 2588
6776 2588
6777 2589
6778 2589
6779 2589
6780 2590
6781 2590
6782 2590
6783 2591
6784 2591
6785 2592
6786 2592
6787 2592
6788 2593
6789 2593
6790 2594
6791 2594
6792 2594
6793 2595
6794 2595
6795 2595
6796 2596
6797 2596
6798 2597
6799 2597
6800 2597
6801 2598
6802 2598
6803 2599
6804 2599
6805 2599
6806 2600
6807 2600
6808 2600
6809 2601
6810 2601
6811 2602
6812 2602
6813 2602
6814 2603
6815 2603
6816 2603
6817 2604
6818 2604
6819 2605
6820 2605
6821 2605
6822 2606
6823 2606
6824 2607
6825 2607
6826 2607
6827 2608
6828 2608
6829 2608
6830 2609
6831 2609
6832 2610
6833 2610
6834 2610
6835 2611
6836 2611
6837 2612
6838 2612
6839 2612
6840 2613
6841 2613
6842 2613
6843 2614
6844 2614
6845 2615
6846 2615
6847 2615
6848 2616
6849 2616
6850 2616
6851 2617
6852 2617
6853 2618
6854 2618
6855 2618
6856 2619
6857 2619
6858 2620
6859 2620
6860 2620
6861 2621
6862 2621
6863 2621
6864 2622
6865 2622
6866 2623
6867 2623
6868 2623
6869 2624
6870 2624
6871 2624
6872 2625
6873 2625
6874 2626
6875 2626
6876 2626
6877 2627
6878 2627
6879 2628
6880 2628
6881 2628
6882 2629
6883 2629
6884 2629
6885 2630
6886 2630
6887 2631
6888 2631
6889 2631
6890 2632
6891 2632
6892 2633
6893 2633
6894 2633
6895 2634
6896 2634
6897 2634
6898 2635
6899 2635
6900 2636
6901 2636
6902 2636
6903 2637
6904 2637
6905 2637
6906 2638
6907 2638
6908 2639
6909 2639
6910 2639
6911 2640
6912 2640
6913 2641
6914 2641
6915 2641
6916 2642
6917 2642
6918 2642
6919 2643
6920 2643
6921 2644
6922 2644
6923 2644
6924 2645
6925 2645
6926 2645
6927 2646
6928 2646
6929 2647
6930 2647
6931 2647
6932 2648
6933 2648
6934 2649
6935 2649
6936 2649
6937 2650
6938 2650
6939 2650
6940 2651
6941 2651
6942 2652
6943 2652
6944 2652
6945 2653
6946 2653
6947 2654
6948 2654
6949 2654
6950 2655
6951 2655
6952 2655
6953 2656
6954 2656
6955 2657
6956 2657
6957 2657
6958 2658
6959 2658
6960 2658
6961 2659
6962 2659
6963 2660
6964 2660
6965 2660
6966 2661
6967 2661
6968 2662
6969 2662
6970 2662
6971 2663
6972 2663
6973 2663
6974 2664
6975 2664
6976 2665
6977 2665
6978 2665
6979 2666
6980 2666
6981 2667
6982 2667
6983 2667
6984 2668
6985 2668
6986 2668
6987 2669
6988 2669
6989 2670
6990 2670
6991 2670
6992 2671
6993 2671
6994 2671
6995 2672
6996 2672
6997 2673
6998 2673
6999 2673
7000 2674
7001 2674
7002 2675
7003 2675
7004 2675
7005 2676
7006 2676
7007 2676
7008 2677
7009 2677
7010 2678
7011 2678
7012 2678
7013 2679
7014 2679
7015 2679
7016 2680
7017 2680
7018 2681
7019 2681
7020 2681
7021 2682
7022 2682
7023 2683
7024 2683
7025 2683
7026 2684
7027 2684
7028 2684
7029 2685
7030 2685
7031 2686
7032 2686
7033 2686
7034 2687
7035 2687
7036 2688
7037 2688
7038 2688
7039 2689
7040 2689
7041 2689
7042 2690
7043 2690
7044 2691
7045 2691
7046 2691
7047 2692
7048 2692
7049 2692
7050 2693
7051 2693
7052 2694
7053 2694
7054 2694
7055 2695
7056 2695
7057 2696
7058 2696
7059 2696
7060 2697
7061 2697
7062 2697
7063 2698
7064 2698
7065 2699
7066 2699
7067 2699
7068 2700
7069 2700
7070 2700
7071 2701
7072 2701
7073 2702
7074 2702
7075 2702
7076 2703
7077 2703
7078 2704
7079 2704
7080 2704
7081 2705
7082 2705
7083 2705
7084 2706
7085 2706
7086 2707
7087 2707
7088 2707
7089 2708
7090 2708
7091 2709
7092 2709
7093 2709
7094 2710
7095 2710
7096 2710
7097 2711
7098 2711
7099 2712
7100 2712
7101 2712
7102 2713
7103 2713
7104 2713
7105 2714
7106 2714
7107 2715
7108 2715
7109 2715
7110 2716
7111 2716
7112 2717
7113 2717
7114 2717
7115 2718
7116 2718
7117 2718
7118 2719
7119 2719
7120 2720
7121 2720
7122 2720
7123 2721
7124 2721
7125 2722
7126 2722
7127 2722
7128 2723
7129 2723
7130 2723
7131 2724
7132 2724
7133 2725
7134 2725
7135 2725
7136 2726
7137 2726
7138 2726
7139 2727
7140 2727
7141 2728
7142 2728
7143 2728
7144 2729
7145 2729
7146 2730
7147 2730
7148 2730
7149 2731
7150 2731
7151 2731
7152 2732
7153 2732
7154 2733
7155 2733
7156 2733
7157 2734
7158 2734
7159 2734
7160 2735
7161 2735
7162 2736
7163 2736
7164 2736
7165 2737
7166 2737
7167 2738
7168 2738
7169 2738
7170 2739
7171 2739
7172 2739
7173 2740
7174 2740
7175 2741
7176 2741
7177 2741
7178 2742
7179 2742
7180 2743
7181 2743
7182 2743
7183 2744
7184 2744
7185 2744
7186 2745
7187 2745
7188 2746
7189 2746
7190 2746
7191 2747
7192 2747
7193 2747
7194 2748
7195 2748
7196 2749
7197 2749
7198 2749
7199 2750
7200 2750
7201 2751
7202 2751
7203 2751
7204 2752
7205 2752
7206 2752
7207 2753
7208 2753
7209 2754
7210 2754
7211 2754
7212 2755
7213 2755
7214 2756
7215 2756
7216 2756
7217 2757
7218 2757
7219 2757
7220 2758
7221 2758
7222 2759
7223 2759
7224 2759
7225 2760
7226 2760
7227 2760
7228 2761
7229 2761
7230 2762
7231 2762
7232 2762
7233 2763
7234 2763
7235 2764
7236 2764
7237 2764
7238 2765
7239 2765
7240 2765
7241 2766
7242 2766
7243 2767
7244 2767
7245 2767
7246 2768
7247 2768
7248 2768
7249 2769
7250 2769
7251 2770
7252 2770
7253 2770
7254 2771
7255 2771
7256 2772
7257 2772
7258 2772
7259 2773
7260 2773
7261 2773
7262 2774
7263 2774
7264 2775
7265 2775
7266 2775
7267 2776
7268 2776
7269 2777
7270 2777
7271 2777
7272 2778
7273 2778
7274 2778
7275 2779
7276 2779
7277 2780
7278 2780
7279 2780
7280 2781
7281 2781
7282 2781
7283 2782
7284 2782
7285 2783
7286 2783
7287 2783
7288 2784
7289 2784
7290 2785
7291 2785
7292 2785
7293 2786
7294 2786
7295 2786
7296 2787
7297 2787
7298 2788
7299 2788
7300 2788
7301 2789
7302 2789
7303 2789
7304 2790
7305 2790
7306 2791
7307 2791
7308 2791
7309 2792
7310 2792
7311 2793
7312 2793
7313 2793
7314 2794
7315 2794
7316 2794
7317 2795
7318 2795
7319 2796
7320 2796
7321 2796
7322 2797
7323 2797
7324 2798
7325 2798
7326 2798
7327 2799
7328 2799
7329 2799
7330 2800
7331 2800
7332 2801
7333 2801
7334 2801
7335 2802
7336 2802
7337 2802
7338 2803
7339 2803
7340 2804
7341 2804
7342 2804
7343 2805
7344 2805
7345 2806
7346 2806
7347 2806
7348 2807
7349 2807
7350 2807
7351 2808
7352 2808
7353 2809
7354 2809
7355 2809
7356 2810
7357 2810
7358 2811
7359 2811
7360 2811
7361 2812
7362 2812
7363 2812
7364 2813
7365 2813
7366 2814
7367 2814
7368 2814
7369 2815
7370 2815
7371 2815
7372 2816
7373 2816
7374 2817
7375 2817
7376 2817
7377 2818
7378 2818
7379 2819
7380 2819
7381 2819
7382 2820
7383 2820
7384 2820
7385 2821
7386 2821
7387 2822
7388 2822
7389 2822
7390 2823
7391 2823
7392 2823
7393 2824
7394 2824
7395 2825
7396 2825
7397 2825
7398 2826
7399 2826
7400 2827
7401 2827
7402 2827
7403 2828
7404 2828
7405 2828
7406 2829
7407 2829
7408 2830
7409 2830
7410 2830
7411 2831
7412 2831
7413 2832
7414 2832
7415 2832
7416 2833
7417 2833
7418 2833
7419 2834
7420 2834
7421 2835
7422 2835
7423 2835
7424 2836
7425 2836
7426 2836
7427 2837
7428 2837
7429 2838
7430 2838
7431 2838
7432 2839
7433 2839
7434 2840
7435 2840
7436 2840
7437 2841
7438 2841
7439 2841
7440 2842
7441 2842
7442 2843
7443 2843
7444 2843
7445 2844
7446 2844
7447 2845
7448 2845
7449 2845
7450 2846
7451 2846
7452 2846
7453 2847
7454 2847
7455 2848
7456 2848
7457 2848
7458 2849
7459 2849
7460 2849
7461 2850
7462 2850
7463 2851
7464 2851
7465 2851
7466 2852
7467 2852
7468 2853
7469 2853
7470 2853
7471 2854
7472 2854
7473 2854
7474 2855
7475 2855
7476 2856
7477 2856
7478 2856
7479 2857
7480 2857
7481 2857
7482 2858
7483 2858
7484 2859
7485 2859
7486 2859
7487 2860
7488 2860
7489 2861
7490 2861
7491 2861
7492 2862
7493 2862
7494 2862
7495 2863
7496 2863
7497 2864
7498 2864
7499 2864
7500 2865
7501 2865
7502 2866
7503 2866
7504 2866
7505 2867
7506 2867
7507 2867
7508 2868
7509 2868
7510 2869
7511 2869
7512 2869
7513 2870
7514 2870
7515 2870
7516 2871
7517 2871
7518 2872
7519 2872
7520 2872
7521 2873
7522 2873
7523 2874
7524 2874
7525 2874
7526 2875
7527 2875
7528 2875
7529 2876
7530 2876
7531 2877
7532 2877
7533 2877
7534 2878
7535 2878
7536 2878
7537 2879
7538 2879
7539 2880
7540 2880
7541 2880
7542 2881
7543 2881
7544 2882
7545 2882
7546 2882
7547 2883
7548 2883
7549 2883
7550 2884
7551 2884
7552 2885
7553 2885
7554 2885
7555 2886
7556 2886
7557 2887
7558 2887
7559 2887
7560 2888
7561 2888
7562 2888
7563 2889
7564 2889
7565 2890
7566 2890
7567 2890
7568 2891
7569 2891
7570 2891
7571 2892
7572 2892
7573 2893
7574 2893
7575 2893
7576 2894
7577 2894
7578 2895
7579 2895
7580 2895
7581 2896
7582 2896
7583 2896
7584 2897
7585 2897
7586 2898
7587 2898
7588 2898
7589 2899
7590 2899
7591 2900
7592 2900
7593 2900
7594 2901
7595 2901
7596 2901
7597 2902
7598 2902
7599 2903
7600 2903
7601 2903
7602 2904
7603 2904
7604 2904
7605 2905
7606 2905
7607 2906
7608 2906
7609 2906
7610 2907
7611 2907
7612 2908
7613 2908
7614 2908
7615 2909
7616 2909
7617 2909
7618 2910
7619 2910
7620 2911
7621 2911
7622 2911
7623 2912
7624 2912
7625 2912
7626 2913
7627 2913
7628 2914
7629 2914
7630 2914
7631 2915
7632 2915
7633 2916
7634 2916
7635 2916
7636 2917
7637 2917
7638 2917
7639 2918
7640 2918
7641 2919
7642 2919
7643 2919
7644 2920
7645 2920
7646 2921
7647 2921
7648 2921
7649 2922
7650 2922
7651 2922
7652 2923
7653 2923
7654 2924
7655 2924
7656 2924
7657 2925
7658 2925
7659 2925
7660 2926
7661 2926
7662 2927
7663 2927
7664 2927
7665 2928
7666 2928
7667 2929
7668 2929
7669 2929
7670 2930
7671 2930
7672 2930
7673 2931
7674 2931
7675 2932
7676 2932
7677 2932
7678 2933
7679 2933
7680 2933
7681 2934
7682 2934
7683 2935
7684 2935
7685 2935
7686 2936
7687 2936
7688 2937
7689 2937
7690 2937
7691 2938
7692 2938
7693 2938
7694 2939
7695 2939
7696 2940
7697 2940
7698 2940
7699 2941
7700 2941
7701 2942
7702 2942
7703 2942
7704 2943
7705 2943
7706 2943
7707 2944
7708 2944
7709 2945
7710 2945
7711 2945
7712 2946
7713 2946
7714 2946
7715 2947
7716 2947
7717 2948
7718 2948
7719 2948
7720 2949
7721 2949
7722 2950
7723 2950
7724 2950
7725 2951
7726 2951
7727 2951
7728 2952
7729 2952
7730 2953
7731 2953
7732 2953
7733 2954
7734 2954
7735 2955
7736 2955
7737 2955
7738 2956
7739 2956
7740 2956
7741 2957
7742 2957
7743 2958
7744 2958
7745 2958
7746 2959
7747 2959
7748 2959
7749 2960
7750 2960
7751 2961
7752 2961
7753 2961
7754 2962
7755 2962
7756 2963
7757 2963
7758 2963
7759 2964
7760 2964
7761 2964
7762 2965
7763 2965
7764 2966
7765 2966
7766 2966
7767 2967
7768 2967
7769 2967
7770 2968
7771 2968
7772 2969
7773 2969
7774 2969
7775 2970
7776 2970
7777 2971
7778 2971
7779 2971
7780 2972
7781 2972
7782 2972
7783 2973
7784 2973
7785 2974
7786 2974
7787 2974
7788 2975
7789 2975
7790 2976
7791 2976
7792 2976
7793 2977
7794 2977
7795 2977
7796 2978
7797 2978
7798 2979
7799 2979
7800 2979
7801 2980
7802 2980
7803 2980
7804 2981
7805 2981
7806 2982
7807 2982
7808 2982
7809 2983
7810 2983
7811 2984
7812 2984
7813 2984
7814 2985
7815 2985
7816 2985
7817 2986
7818 2986
7819 2987
7820 2987
7821 2987
7822 2988
7823 2988
7824 2989
7825 2989
7826 2989
7827 2990
7828 2990
7829 2990
7830 2991
7831 2991
7832 2992
7833 2992
7834 2992
7835 2993
7836 2993
7837 2993
7838 2994
7839 2994
7840 2995
7841 2995
7842 2995
7843 2996
7844 2996
7845 2997
7846 2997
7847 2997
7848 2998
7849 2998
7850 2998
7851 2999
7852 2999
7853 3000
7854 3000
7855 3000
7856 3001
7857 3001
7858 3001
7859 3002
7860 3002
7861 3003
7862 3003
7863 3003
7864 3004
7865 3004
7866 3005
7867 3005
7868 3005
7869 3006
7870 3006
7871 3006
7872 3007
7873 3007
7874 3008
7875 3008
7876 3008
7877 3009
7878 3009
7879 3010
7880 3010
7881 3010
7882 3011
7883 3011
7884 3011
7885 3012
7886 3012
7887 3013
7888 3013
7889 3013
7890 3014
7891 3014
7892 3014
7893 3015
7894 3015
7895 3016
7896 3016
7897 3016
7898 3017
7899 3017
7900 3018
7901 3018
7902 3018
7903 3019
7904 3019
7905 3019
7906 3020
7907 3020
7908 3021
7909 3021
7910 3021
7911 3022
7912 3022
7913 3022
7914 3023
7915 3023
7916 3024
7917 3024
7918 3024
7919 3025
7920 3025
7921 3026
7922 3026
7923 3026
7924 3027
7925 3027
7926 3027
7927 3028
7928 3028
7929 3029
7930 3029
7931 3029
7932 3030
7933 3030
7934 3031
7935 3031
7936 3031
7937 3032
7938 3032
7939 3032
7940 3033
7941 3033
7942 3034
7943 3034
7944 3034
7945 3035
7946 3035
7947 3035
7948 3036
7949 3036
7950 3037
7951 3037
7952 3037
7953 3038
7954 3038
7955 3039
7956 3039
7957 3039
7958 3040
7959 3040
7960 3040
7961 3041
7962 3041
7963 3042
7964 3042
7965 3042
7966 3043
7967 3043
7968 3044
7969 3044
7970 3044
7971 3045
7972 3045
7973 3045
7974 3046
7975 3046
7976 3047
7977 3047
7978 3047
7979 3048
7980 3048
7981 3048
7982 3049
7983 3049
7984 3050
7985 3050
7986 3050
7987 3051
7988 3051
7989 3052
7990 3052
7991 3052
7992 3053
7993 3053
7994 3053
7995 3054
7996 3054
7997 3055
7998 3055
7999 3055
8000 3056
8001 3056
8002 3056
8003 3057
8004 3057
8005 3058
8006 3058
8007 3058
8008 3059
8009 3059
8010 3060
8011 3060
8012 3060
8013 3061
8014 3061
8015 3061
8016 3062
8017 3062
8018 3063
8019 3063
8020 3063
8021 3064
8022 3064
8023 3065
8024 3065
8025 3065
8026 3066
8027 3066
8028 3066
8029 3067
8030 3067
8031 3068
8032 3068
8033 3068
8034 3069
8035 3069
8036 3069
8037 3070
8038 3070
8039 3071
8040 3071
8041 3071
8042 3072
8043 3072
8044 3073
8045 3073
8046 3073
8047 3074
8048 3074
8049 3074
8050 3075
8051 3075
8052 3076
8053 3076
8054 3076
8055 3077
8056 3077
8057 3078
8058 3078
8059 3078
8060 3079
8061 3079
8062 3079
8063 3080
8064 3080
8065 3081
8066 3081
8067 3081
8068 3082
8069 3082
8070 3082
8071 3083
8072 3083
8073 3084
8074 3084
8075 3084
8076 3085
8077 3085
8078 3086
8079 3086
8080 3086
8081 3087
8082 3087
8083 3087
8084 3088
8085 3088
8086 3089
8087 3089
8088 3089
8089 3090
8090 3090
8091 3090
8092 3091
8093 3091
8094 3092
8095 3092
8096 3092
8097 3093
8098 3093
8099 3094
8100 3094
8101 3094
8102 3095
8103 3095
8104 3095
8105 3096
8106 3096
8107 3097
8108 3097
8109 3097
8110 3098
8111 3098
8112 3099
8113 3099
8114 3099
8115 3100
8116 3100
8117 3100
8118 3101
8119 3101
8120 3102
8121 3102
8122 3102
8123 3103
8124 3103
8125 3103
8126 3104
8127 3104
8128 3105
8129 3105
8130 3105
8131 3106
8132 3106
8133 3107
8134 3107
8135 3107
8136 3108
8137 3108
8138 3108
8139 3109
8140 3109
8141 3110
8142 3110
8143 3110
8144 3111
8145 3111
8146 3111
8147 3112
8148 3112
8149 3113
8150 3113
8151 3113
8152 3114
8153 3114
8154 3115
8155 3115
8156 3115
8157 3116
8158 3116
8159 3116
8160 3117
8161 3117
8162 3118
8163 3118
8164 3118
8165 3119
8166 3119
8167 3120
8168 3120
8169 3120
8170 3121
8171 3121
8172 3121
8173 3122
8174 3122
8175 3123
8176 3123
8177 3123
8178 3124
8179 3124
8180 3124
8181 3125
8182 3125
8183 3126
8184 3126
8185 3126
8186 3127
8187 3127
8188 3128
8189 3128
8190 3128
8191 3129
8192 3129
8193 3129
8194 3130
8195 3130
8196 3131
8197 3131
8198 3131
8199 3132
8200 3132
8201 3133
8202 3133
8203 3133
8204 3134
8205 3134
8206 3134
8207 3135
8208 3135
8209 3136
8210 3136
8211 3136
8212 3137
8213 3137
8214 3137
8215 3138
8216 3138
8217 3139
8218 3139
8219 3139
8220 3140
8221 3140
8222 3141
8223 3141
8224 3141
8225 3142
8226 3142
8227 3142
8228 3143
8229 3143
8230 3144
8231 3144
8232 3144
8233 3145
8234 3145
8235 3145
8236 3146
8237 3146
8238 3147
8239 3147
8240 3147
8241 3148
8242 3148
8243 3149
8244 3149
8245 3149
8246 3150
8247 3150
8248 3150
8249 3151
8250 3151
8251 3152
8252 3152
8253 3152
8254 3153
8255 3153
8256 3154
8257 3154
8258 3154
8259 3155
8260 3155
8261 3155
8262 3156
8263 3156
8264 3157
8265 3157
8266 3157
8267 3158
8268 3158
8269 3158
8270 3159
8271 3159
8272 3160
8273 3160
8274 3160
8275 3161
8276 3161
8277 3162
8278 3162
8279 3162
8280 3163
8281 3163
8282 3163
8283 3164
8284 3164
8285 3165
8286 3165
8287 3165
8288 3166
8289 3166
8290 3166
8291 3167
8292 3167
8293 3168
8294 3168
8295 3168
8296 3169
8297 3169
8298 3170
8299 3170
8300 3170
8301 3171
8302 3171
8303 3171
8304 3172
8305 3172
8306 3173
8307 3173
8308 3173
8309 3174
8310 3174
8311 3175
8312 3175
8313 3175
8314 3176
8315 3176
8316 3176
8317 3177
8318 3177
8319 3178
8320 3178
8321 3178
8322 3179
8323 3179
8324 3179
8325 3180
8326 3180
8327 3181
8328 3181
8329 3181
8330 3182
8331 3182
8332 3183
8333 3183
8334 3183
8335 3184
8336 3184
8337 3184
8338 3185
8339 3185
8340 3186
8341 3186
8342 3186
8343 3187
8344 3187
8345 3188
8346 3188
8347 3188
8348 3189
8349 3189
8350 3189
8351 3190
8352 3190
8353 3191
8354 3191
8355 3191
8356 3192
8357 3192
8358 3192
8359 3193
8360 3193
8361 3194
8362 3194
8363 3194
8364 3195
8365 3195
8366 3196
8367 3196
8368 3196
8369 3197
8370 3197
8371 3197
8372 3198
8373 3198
8374 3199
8375 3199
8376 3199
8377 3200
8378 3200
8379 3200
8380 3201
8381 3201
8382 3202
8383 3202
8384 3202
8385 3203
8386 3203
8387 3204
8388 3204
8389 3204
8390 3205
8391 3205
8392 3205
8393 3206
8394 3206
8395 3207
8396 3207
8397 3207
8398 3208
8399 3208
8400 3209
8401 3209
8402 3209
8403 3210
8404 3210
8405 3210
8406 3211
8407 3211
8408 3212
8409 3212
8410 3212
8411 3213
8412 3213
8413 3213
8414 3214
8415 3214
8416 3215
8417 3215
8418 3215
8419 3216
8420 3216
8421 3217
8422 3217
8423 3217
8424 3218
8425 3218
8426 3218
8427 3219
8428 3219
8429 3220
8430 3220
8431 3220
8432 3221
8433 3221
8434 3222
8435 3222
8436 3222
8437 3223
8438 3223
8439 3223
8440 3224
8441 3224
8442 3225
8443 3225
8444 3225
8445 3226
8446 3226
8447 3226
8448 3227
8449 3227
8450 3228
8451 3228
8452 3228
8453 3229
8454 3229
8455 3230
8456 3230
8457 3230
8458 3231
8459 3231
8460 3231
8461 3232
8462 3232
8463 3233
8464 3233
8465 3233
8466 3234
8467 3234
8468 3234
8469 3235
8470 3235
8471 3236
8472 3236
8473 3236
8474 3237
8475 3237
8476 3238
8477 3238
8478 3238
8479 3239
8480 3239
8481 3239
8482 3240
8483 3240
8484 3241
8485 3241
8486 3241
8487 3242
8488 3242
8489 3243
8490 3243
8491 3243
8492 3244
8493 3244
8494 3244
8495 3245
8496 3245
8497 3246
8498 3246
8499 3246
8500 3247
8501 3247
8502 3247
8503 3248
8504 3248
8505 3249
8506 3249
8507 3249
8508 3250
8509 3250
8510 3251
8511 3251
8512 3251
8513 3252
8514 3252
8515 3252
8516 3253
8517 3253
8518 3254
8519 3254
8520 3254
8521 3255
8522 3255
8523 3255
8524 3256
8525 3256
8526 3257
8527 3257
8528 3257
8529 3258
8530 3258
8531 3259
8532 3259
8533 3259
8534 3260
8535 3260
8536 3260
8537 3261
8538 3261
8539 3262
8540 3262
8541 3262
8542 3263
8543 3263
8544 3264
8545 3264
8546 3264
8547 3265
8548 3265
8549 3265
8550 3266
8551 3266
8552 3267
8553 3267
8554 3267
8555 3268
8556 3268
8557 3268
8558 3269
8559 3269
8560 3270
8561 3270
8562 3270
8563 3271
8564 3271
8565 3272
8566 3272
8567 3272
8568 3273
8569 3273
8570 3273
8571 3274
8572 3274
8573 3275
8574 3275
8575 3275
8576 3276
8577 3276
8578 3277
8579 3277
8580 3277
8581 3278
8582 3278
8583 3278
8584 3279
8585 3279
8586 3280
8587 3280
8588 3280
8589 3281
8590 3281
8591 3281
8592 3282
8593 3282
8594 3283
8595 3283
8596 3283
8597 3284
8598 3284
8599 3285
8600 3285
8601 3285
8602 3286
8603 3286
8604 3286
8605 3287
8606 3287
8607 3288
8608 3288
8609 3288
8610 3289
8611 3289
8612 3289
8613 3290
8614 3290
8615 3291
8616 3291
8617 3291
8618 3292
8619 3292
8620 3293
8621 3293
8622 3293
8623 3294
8624 3294
8625 3294
8626 3295
8627 3295
8628 3296
8629 3296
8630 3296
8631 3297
8632 3297
8633 3298
8634 3298
8635 3298
8636 3299
8637 3299
8638 3299
8639 3300
8640 3300
8641 3301
8642 3301
8643 3301
8644 3302
8645 3302
8646 3302
8647 3303
8648 3303
8649 3304
8650 3304
8651 3304
8652 3305
8653 3305
8654 3306
8655 3306
8656 3306
8657 3307
8658 3307
8659 3307
8660 3308
8661 3308
8662 3309
8663 3309
8664 3309
8665 3310
8666 3310
8667 3310
8668 3311
8669 3311
8670 3312
8671 3312
8672 3312
8673 3313
8674 3313
8675 3314
8676 3314
8677 3314
8678 3315
8679 3315
8680 3315
8681 3316
8682 3316
8683 3317
8684 3317
8685 3317
8686 3318
8687 3318
8688 3319
8689 3319
8690 3319
8691 3320
8692 3320
8693 3320
8694 3321
8695 3321
8696 3322
8697 3322
8698 3322
8699 3323
8700 3323
8701 3323
8702 3324
8703 3324
8704 3325
8705 3325
8706 3325
8707 3326
8708 3326
8709 3327
8710 3327
8711 3327
8712 3328
8713 3328
8714 3328
8715 3329
8716 3329
8717 3330
8718 3330
8719 3330
8720 3331
8721 3331
8722 3332
8723 3332
8724 3332
8725 3333
8726 3333
8727 3333
8728 3334
8729 3334
8730 3335
8731 3335
8732 3335
8733 3336
8734 3336
8735 3336
8736 3337
8737 3337
8738 3338
8739 3338
8740 3338
8741 3339
8742 3339
8743 3340
8744 3340
8745 3340
8746 3341
8747 3341
8748 3341
8749 3342
8750 3342
8751 3343
8752 3343
8753 3343
8754 3344
8755 3344
8756 3344
8757 3345
8758 3345
8759 3346
8760 3346
8761 3346
8762 3347
8763 3347
8764 3348
8765 3348
8766 3348
8767 3349
8768 3349
8769 3349
8770 3350
8771 3350
8772 3351
8773 3351
8774 3351
8775 3352
8776 3352
8777 3353
8778 3353
8779 3353
8780 3354
8781 3354
8782 3354
8783 3355
8784 3355
8785 3356
8786 3356
8787 3356
8788 3357
8789 3357
8790 3357
8791 3358
8792 3358
8793 3359
8794 3359
8795 3359
8796 3360
8797 3360
8798 3361
8799 3361
8800 3361
8801 3362
8802 3362
8803 3362
8804 3363
8805 3363
8806 3364
8807 3364
8808 3364
8809 3365
8810 3365
8811 3366
8812 3366
8813 3366
8814 3367
8815 3367
8816 3367
8817 3368
8818 3368
8819 3369
8820 3369
8821 3369
8822 3370
8823 3370
8824 3370
8825 3371
8826 3371
8827 3372
8828 3372
8829 3372
8830 3373
8831 3373
8832 3374
8833 3374
8834 3374
8835 3375
8836 3375
8837 3375
8838 3376
8839 3376
8840 3377
8841 3377
8842 3377
8843 3378
8844 3378
8845 3378
8846 3379
8847 3379
8848 3380
8849 3380
8850 3380
8851 3381
8852 3381
8853 3382
8854 3382
8855 3382
8856 3383
8857 3383
8858 3383
8859 3384
8860 3384
8861 3385
8862 3385
8863 3385
8864 3386
8865 3386
8866 3387
8867 3387
8868 3387
8869 3388
8870 3388
8871 3388
8872 3389
8873 3389
8874 3390
8875 3390
8876 3390
8877 3391
8878 3391
8879 3391
8880 3392
8881 3392
8882 3393
8883 3393
8884 3393
8885 3394
8886 3394
8887 3395
8888 3395
8889 3395
8890 3396
8891 3396
8892 3396
8893 3397
8894 3397
8895 3398
8896 3398
8897 3398
8898 3399
8899 3399
8900 3399
8901 3400
8902 3400
8903 3401
8904 3401
8905 3401
8906 3402
8907 3402
8908 3403
8909 3403
8910 3403
8911 3404
8912 3404
8913 3404
8914 3405
8915 3405
8916 3406
8917 3406
8918 3406
8919 3407
8920 3407
8921 3408
8922 3408
8923 3408
8924 3409
8925 3409
8926 3409
8927 3410
8928 3410
8929 3411
8930 3411
8931 3411
8932 3412
8933 3412
8934 3412
8935 3413
8936 3413
8937 3414
8938 3414
8939 3414
8940 3415
8941 3415
8942 3416
8943 3416
8944 3416
8945 3417
8946 3417
8947 3417
8948 3418
8949 3418
8950 3419
8951 3419
8952 3419
8953 3420
8954 3420
8955 3421
8956 3421
8957 3421
8958 3422
8959 3422
8960 3422
8961 3423
8962 3423
8963 3424
8964 3424
8965 3424
8966 3425
8967 3425
8968 3425
8969 3426
8970 3426
8971 3427
8972 3427
8973 3427
8974 3428
8975 3428
8976 3429
8977 3429
8978 3429
8979 3430
8980 3430
8981 3430
8982 3431
8983 3431
8984 3432
8985 3432
8986 3432
8987 3433
8988 3433
8989 3433
8990 3434
8991 3434
8992 3435
8993 3435
8994 3435
8995 3436
8996 3436
8997 3437
8998 3437
8999 3437
9000 3438
9001 3438
9002 3438
9003 3439
9004 3439
9005 3440
9006 3440
9007 3440
9008 3441
9009 3441
9010 3442
9011 3442
9012 3442
9013 3443
9014 3443
9015 3443
9016 3444
9017 3444
9018 3445
9019 3445
9020 3445
9021 3446
9022 3446
9023 3446
9024 3447
9025 3447
9026 3448
9027 3448
9028 3448
9029 3449
9030 3449
9031 3450
9032 3450
9033 3450
9034 3451
9035 3451
9036 3451
9037 3452
9038 3452
9039 3453
9040 3453
9041 3453
9042 3454
9043 3454
9044 3455
9045 3455
9046 3455
9047 3456
9048 3456
9049 3456
9050 3457
9051 3457
9052 3458
9053 3458
9054 3458
9055 3459
9056 3459
9057 3459
9058 3460
9059 3460
9060 3461
9061 3461
9062 3461
9063 3462
9064 3462
9065 3463
9066 3463
9067 3463
9068 3464
9069 3464
9070 3464
9071 3465
9072 3465
9073 3466
9074 3466
9075 3466
9076 3467
9077 3467
9078 3467
9079 3468
9080 3468
9081 3469
9082 3469
9083 3469
9084 3470
9085 3470
9086 3471
9087 3471
9088 3471
9089 3472
9090 3472
9091 3472
9092 3473
9093 3473
9094 3474
9095 3474
9096 3474
9097 3475
9098 3475
9099 3476
9100 3476
9101 3476
9102 3477
9103 3477
9104 3477
9105 3478
9106 3478
9107 3479
9108 3479
9109 3479
9110 3480
9111 3480
9112 3480
9113 3481
9114 3481
9115 3482
9116 3482
9117 3482
9118 3483
9119 3483
9120 3484
9121 3484
9122 3484
9123 3485
9124 3485
9125 3485
9126 3486
9127 3486
9128 3487
9129 3487
9130 3487
9131 3488
9132 3488
9133 3488
9134 3489
9135 3489
9136 3490
9137 3490
9138 3490
9139 3491
9140 3491
9141 3492
9142 3492
9143 3492
9144 3493
9145 3493
9146 3493
9147 3494
9148 3494
9149 3495
9150 3495
9151 3495
9152 3496
9153 3496
9154 3497
9155 3497
9156 3497
9157 3498
9158 3498
9159 3498
9160 3499
9161 3499
9162 3500
9163 3500
9164 3500
9165 3501
9166 3501
9167 3501
9168 3502
9169 3502
9170 3503
9171 3503
9172 3503
9173 3504
9174 3504
9175 3505
9176 3505
9177 3505
9178 3506
9179 3506
9180 3506
9181 3507
9182 3507
9183 3508
9184 3508
9185 3508
9186 3509
9187 3509
9188 3510
9189 3510
9190 3510
9191 3511
9192 3511
9193 3511
9194 3512
9195 3512
9196 3513
9197 3513
9198 3513
9199 3514
9200 3514
9201 3514
9202 3515
9203 3515
9204 3516
9205 3516
9206 3516
9207 3517
9208 3517
9209 3518
9210 3518
9211 3518
9212 3519
9213 3519
9214 3519
9215 3520
9216 3520
9217 3521
9218 3521
9219 3521
9220 3522
9221 3522
9222 3522
9223 3523
9224 3523
9225 3524
9226 3524
9227 3524
9228 3525
9229 3525
9230 3526
9231 3526
9232 3526
9233 3527
9234 3527
9235 3527
9236 3528
9237 3528
9238 3529
9239 3529
9240 3529
9241 3530
9242 3530
9243 3531
9244 3531
9245 3531
9246 3532
9247 3532
9248 3532
9249 3533
9250 3533
9251 3534
9252 3534
9253 3534
9254 3535
9255 3535
9256 3535
9257 3536
9258 3536
9259 3537
9260 3537
9261 3537
9262 3538
9263 3538
9264 3539
9265 3539
9266 3539
9267 3540
9268 3540
9269 3540
9270 3541
9271 3541
9272 3542
9273 3542
9274 3542
9275 3543
9276 3543
9277 3543
9278 3544
9279 3544
9280 3545
9281 3545
9282 3545
9283 3546
9284 3546
9285 3547
9286 3547
9287 3547
9288 3548
9289 3548
9290 3548
9291 3549
9292 3549
9293 3550
9294 3550
9295 3550
9296 3551
9297 3551
9298 3552
9299 3552
9300 3552
9301 3553
9302 3553
9303 3553
9304 3554
9305 3554
9306 3555
9307 3555
9308 3555
9309 3556
9310 3556
9311 3556
9312 3557
9313 3557
9314 3558
9315 3558
9316 3558
9317 3559
9318 3559
9319 3560
9320 3560
9321 3560
9322 3561
9323 3561
9324 3561
9325 3562
9326 3562
9327 3563
9328 3563
9329 3563
9330 3564
9331 3564
9332 3565
9333 3565
9334 3565
9335 3566
9336 3566
9337 3566
9338 3567
9339 3567
9340 3568
9341 3568
9342 3568
9343 3569
9344 3569
9345 3569
9346 3570
9347 3570
9348 3571
9349 3571
9350 3571
9351 3572
9352 3572
9353 3573
9354 3573
9355 3573
9356 3574
9357 3574
9358 3574
9359 3575
9360 3575
9361 3576
9362 3576
9363 3576
9364 3577
9365 3577
9366 3577
9367 3578
9368 3578
9369 3579
9370 3579
9371 3579
9372 3580
9373 3580
9374 3581
9375 3581
9376 3581
9377 3582
9378 3582
9379 3582
9380 3583
9381 3583
9382 3584
9383 3584
9384 3584
9385 3585
9386 3585
9387 3586
9388 3586
9389 3586
9390 3587
9391 3587
9392 3587
9393 3588
9394 3588
9395 3589
9396 3589
9397 3589
9398 3590
9399 3590
9400 3590
9401 3591
9402 3591
9403 3592
9404 3592
9405 3592
9406 3593
9407 3593
9408 3594
9409 3594
9410 3594
9411 3595
9412 3595
9413 3595
9414 3596
9415 3596
9416 3597
9417 3597
9418 3597
9419 3598
9420 3598
9421 3599
9422 3599
9423 3599
9424 3600
9425 3600
9426 3600
9427 3601
9428 3601
9429 3602
9430 3602
9431 3602
9432 3603
9433 3603
9434 3603
9435 3604
9436 3604
9437 3605
9438 3605
9439 3605
9440 3606
9441 3606
9442 3607
9443 3607
9444 3607
9445 3608
9446 3608
9447 3608
9448 3609
9449 3609
9450 3610
9451 3610
9452 3610
9453 3611
9454 3611
9455 3611
9456 3612
9457 3612
9458 3613
9459 3613
9460 3613
9461 3614
9462 3614
9463 3615
9464 3615
9465 3615
9466 3616
9467 3616
9468 3616
9469 3617
9470 3617
9471 3618
9472 3618
9473 3618
9474 3619
9475 3619
9476 3620
9477 3620
9478 3620
9479 3621
9480 3621
9481 3621
9482 3622
9483 3622
9484 3623
9485 3623
9486 3623
9487 3624
9488 3624
9489 3624
9490 3625
9491 3625
9492 3626
9493 3626
9494 3626
9495 3627
9496 3627
9497 3628
9498 3628
9499 3628
9500 3629
9501 3629
9502 3629
9503 3630
9504 3630
9505 3631
9506 3631
9507 3631
9508 3632
9509 3632
9510 3632
9511 3633
9512 3633
9513 3634
9514 3634
9515 3634
9516 3635
9517 3635
9518 3636
9519 3636
9520 3636
9521 3637
9522 3637
9523 3637
9524 3638
9525 3638
9526 3639
9527 3639
9528 3639
9529 3640
9530 3640
9531 3641
9532 3641
9533 3641
9534 3642
9535 3642
9536 3642
9537 3643
9538 3643
9539 3644
9540 3644
9541 3644
9542 3645
9543 3645
9544 3645
9545 3646
9546 3646
9547 3647
9548 3647
9549 3647
9550 3648
9551 3648
9552 3649
9553 3649
9554 3649
9555 3650
9556 3650
9557 3650
9558 3651
9559 3651
9560 3652
9561 3652
9562 3652
9563 3653
9564 3653
9565 3654
9566 3654
9567 3654
9568 3655
9569 3655
9570 3655
9571 3656
9572 3656
9573 3657
9574 3657
9575 3657
9576 3658
9577 3658
9578 3658
9579 3659
9580 3659
9581 3660
9582 3660
9583 3660
9584 3661
9585 3661
9586 3662
9587 3662
9588 3662
9589 3663
9590 3663
9591 3663
9592 3664
9593 3664
9594 3665
9595 3665
9596 3665
9597 3666
9598 3666
9599 3666
9600 3667
9601 3667
9602 3668
9603 3668
9604 3668
9605 3669
9606 3669
9607 3670
9608 3670
9609 3670
9610 3671
9611 3671
9612 3671
9613 3672
9614 3672
9615 3673
9616 3673
9617 3673
9618 3674
9619 3674
9620 3675
9621 3675
9622 3675
9623 3676
9624 3676
9625 3676
9626 3677
9627 3677
9628 3678
9629 3678
9630 3678
9631 3679
9632 3679
9633 3679
9634 3680
9635 3680
9636 3681
9637 3681
9638 3681
9639 3682
9640 3682
9641 3683
9642 3683
9643 3683
9644 3684
9645 3684
9646 3684
9647 3685
9648 3685
9649 3686
9650 3686
9651 3686
9652 3687
9653 3687
9654 3687
9655 3688
9656 3688
9657 3689
9658 3689
9659 3689
9660 3690
9661 3690
9662 3691
9663 3691
9664 3691
9665 3692
9666 3692
9667 3692
9668 3693
9669 3693
9670 3694
9671 3694
9672 3694
9673 3695
9674 3695
9675 3696
9676 3696
9677 3696
9678 3697
9679 3697
9680 3697
9681 3698
9682 3698
9683 3699
9684 3699
9685 3699
9686 3700
9687 3700
9688 3700
9689 3701
9690 3701
9691 3702
9692 3702
9693 3702
9694 3703
9695 3703
9696 3704
9697 3704
9698 3704
9699 3705
9700 3705
9701 3705
9702 3706
9703 3706
9704 3707
9705 3707
9706 3707
9707 3708
9708 3708
9709 3709
9710 3709
9711 3709
9712 3710
9713 3710
9714 3710
9715 3711
9716 3711
9717 3712
9718 3712
9719 3712
9720 3713
9721 3713
9722 3713
9723 3714
9724 3714
9725 3715
9726 3715
9727 3715
9728 3716
9729 3716
9730 3717
9731 3717
9732 3717
9733 3718
9734 3718
9735 3718
9736 3719
9737 3719
9738 3720
9739 3720
9740 3720
9741 3721
9742 3721
9743 3721
9744 3722
9745 3722
9746 3723
9747 3723
9748 3723
9749 3724
9750 3724
9751 3725
9752 3725
9753 3725
9754 3726
9755 3726
9756 3726
9757 3727
9758 3727
9759 3728
9760 3728
9761 3728
9762 3729
9763 3729
9764 3730
9765 3730
9766 3730
9767 3731
9768 3731
9769 3731
9770 3732
9771 3732
9772 3733
9773 3733
9774 3733
9775 3734
9776 3734
9777 3734
9778 3735
9779 3735
9780 3736
9781 3736
9782 3736
9783 3737
9784 3737
9785 3738
9786 3738
9787 3738
9788 3739
9789 3739
9790 3739
9791 3740
9792 3740
9793 3741
9794 3741
9795 3741
9796 3742
9797 3742
9798 3743
9799 3743
9800 3743
9801 3744
9802 3744
9803 3744
9804 3745
9805 3745
9806 3746
9807 3746
9808 3746
9809 3747
9810 3747
9811 3747
9812 3748
9813 3748
9814 3749
9815 3749
9816 3749
9817 3750
9818 3750
9819 3751
9820 3751
9821 3751
9822 3752
9823 3752
9824 3752
9825 3753
9826 3753
9827 3754
9828 3754
9829 3754
9830 3755
9831 3755
9832 3755
9833 3756
9834 3756
9835 3757
9836 3757
9837 3757
9838 3758
9839 3758
9840 3759
9841 3759
9842 3759
9843 3760
9844 3760
9845 3760
9846 3761
9847 3761
9848 3762
9849 3762
9850 3762
9851 3763
9852 3763
9853 3764
9854 3764
9855 3764
9856 3765
9857 3765
9858 3765
9859 3766
9860 3766
9861 3767
9862 3767
9863 3767
9864 3768
9865 3768
9866 3768
9867 3769
9868 3769
9869 3770
9870 3770
9871 3770
9872 3771
9873 3771
9874 3772
9875 3772
9876 3772
9877 3773
9878 3773
9879 3773
9880 3774
9881 3774
9882 3775
9883 3775
9884 3775
9885 3776
9886 3776
9887 3776
9888 3777
9889 3777
9890 3778
9891 3778
9892 3778
9893 3779
9894 3779
9895 3780
9896 3780
9897 3780
9898 3781
9899 3781
9900 3781
9901 3782
9902 3782
9903 3783
9904 3783
9905 3783
9906 3784
9907 3784
9908 3785
9909 3785
9910 3785
9911 3786
9912 3786
9913 3786
9914 3787
9915 3787
9916 3788
9917 3788
9918 3788
9919 3789
9920 3789
9921 3789
9922 3790
9923 3790
9924 3791
9925 3791
9926 3791
9927 3792
9928 3792
9929 3793
9930 3793
9931 3793
9932 3794
9933 3794
9934 3794
9935 3795
9936 3795
9937 3796
9938 3796
9939 3796
9940 3797
9941 3797
9942 3798
9943 3798
9944 3798
9945 3799
9946 3799
9947 3799
9948 3800
9949 3800
9950 3801
9951 3801
9952 3801
9953 3802
9954 3802
9955 3802
9956 3803
9957 3803
9958 3804
9959 3804
9960 3804
9961 3805
9962 3805
9963 3806
9964 3806
9965 3806
9966 3807
9967 3807
9968 3807
9969 3808
9970 3808
9971 3809
9972 3809
9973 3809
9974 3810
9975 3810
9976 3810
9977 3811
9978 3811
9979 3812
9980 3812
9981 3812
9982 3813
9983 3813
9984 3814
9985 3814
9986 3814
9987 3815
9988 3815
9989 3815
9990 3816
9991 3816
9992 3817
9993 3817
9994 3817
9995 3818
9996 3818
9997 3819
9998 3819
9999 3819
10000 3820
