# computed by https://github.com/vzsky/OEIS-compute/blob/7c1034f2bc208b99140f295dc2ef3f38823c64bc/A390848/main.cpp
1 1
2 6
3 12
4 16
5 20
6 24
7 35
8 56
9 60
10 72
11 90
12 110
13 120
14 140
15 143
16 182
17 210
18 255
19 280
20 306
21 342
22 352
23 399
24 420
25 462
26 504
27 506
28 575
29 650
30 702
31 715
32 720
33 756
34 812
35 840
36 870
37 930
38 990
39 992
40 1056
41 1120
42 1122
43 1224
44 1332
45 1406
46 1430
47 1482
48 1560
49 1640
50 1722
51 1806
52 1892
53 1980
54 2002
55 2070
56 2162
57 2256
58 2352
59 2450
60 2520
61 2550
62 2652
63 2730
64 2756
65 2862
66 2970
67 3135
68 3306
69 3360
70 3422
71 3570
72 3599
73 3782
74 3906
75 4032
76 4160
77 4290
78 4422
79 4556
80 4590
81 4692
82 4830
83 4970
84 5040
85 5183
86 5402
87 5550
88 5700
89 5814
90 5852
91 6006
92 6162
93 6320
94 6480
95 6642
96 6720
97 6806
98 6972
99 7140
100 7182
101 7310
102 7482
103 7656
104 7832
105 7920
106 8099
107 8372
108 8556
109 8742
110 8778
111 8930
112 9120
113 9312
114 9506
115 9702
116 9900
117 10080
118 10100
119 10302
120 10506
121 10626
122 10712
123 10920
124 11130
125 11342
126 11556
127 11772
128 12099
129 12432
130 12650
131 12656
132 12870
133 12882
134 13110
135 13340
136 13572
137 13806
138 14042
139 14399
140 14762
141 14950
142 15006
143 15252
144 15500
145 15750
146 16002
147 16256
148 16512
149 16770
150 17030
151 17292
152 17550
153 17556
154 17822
155 18090
156 18360
157 18632
158 18906
159 19182
160 19599
161 19656
162 20020
163 20022
164 20448
165 20880
166 21170
167 21462
168 21756
169 21924
170 22052
171 22350
172 22650
173 22952
174 23256
175 23562
176 23870
177 24180
178 24360
179 24492
180 24806
181 25122
182 25200
183 25440
184 25760
185 26082
186 26406
187 26732
188 26970
189 27060
190 27390
191 27722
192 28056
193 28392
194 28730
195 29070
196 29412
197 29756
198 29760
199 30030
200 30102
201 30240
202 30450
203 30800
204 31152
205 31506
206 31862
207 32220
208 32580
209 32736
210 33123
211 33672
212 34040
213 34410
214 34782
215 35156
216 35532
217 35904
218 35910
219 36290
220 36672
221 37056
222 37442
223 37830
224 38220
225 38612
226 39006
227 39402
228 39800
229 40200
230 40392
231 40602
232 41006
233 41412
234 41820
235 42230
236 42642
237 43056
238 43472
239 44099
240 44732
241 45156
242 45288
243 45582
244 46010
245 46410
246 46440
247 46872
248 47306
249 47742
250 48180
251 48620
252 49062
253 49506
254 49952
255 50400
256 50616
257 50850
258 51302
259 51756
260 52212
261 52670
262 53130
263 53592
264 54056
265 54522
266 54834
267 54990
268 55440
269 55460
270 55932
271 56406
272 56882
273 57360
274 57840
275 58322
276 58806
277 59280
278 59292
279 59780
280 60270
281 60480
282 60762
283 61256
284 61752
285 62250
286 62750
287 63252
288 63756
289 63960
290 64260
291 64262
292 65024
293 65792
294 66306
295 66822
296 67340
297 67860
298 68382
299 68880
300 68906
301 69432
302 69960
303 70490
304 71022
305 71556
306 72092
307 72630
308 73170
309 73712
310 74046
311 74256
312 74802
313 75350
314 75900
315 76452
316 77006
317 77562
318 78399
319 79242
320 79464
321 79806
322 80372
323 80940
324 81510
325 82082
326 82656
327 83232
328 83810
329 84390
330 84972
331 85140
332 85556
333 86142
334 86730
335 87210
336 87320
337 87912
338 88506
339 89102
340 89700
341 90300
342 90902
343 91080
344 91506
345 92112
346 92720
347 93635
348 94556
349 95172
350 95790
351 96410
352 97032
353 97290
354 97656
355 98282
356 98910
357 99540
358 100172
359 100800
360 100806
361 101442
362 102080
363 102720
364 102960
365 103362
366 103776
367 104006
368 104652
369 105300
370 105950
371 106602
372 107256
373 107912
374 108570
375 109230
376 109892
377 110544
378 110556
379 111222
380 111890
381 112560
382 113232
383 113906
384 114582
385 115260
386 115940
387 116963
388 117600
389 117992
390 118680
391 119370
392 120062
393 120756
394 121452
395 122094
396 122150
397 122850
398 123903
399 124950
400 124962
401 125670
402 126380
403 127092
404 127806
405 128522
406 129240
407 129960
408 130682
409 131406
410 132132
411 132600
412 132860
413 133590
414 134322
415 135056
416 135792
417 136530
418 137270
419 138012
420 138756
421 139502
422 140250
423 140556
424 141000
425 141752
426 142506
427 143262
428 144020
429 144780
430 145542
431 146306
432 147072
433 147840
434 148610
435 148824
436 149382
437 150156
438 150932
439 151710
440 152490
441 153272
442 154056
443 154842
444 155630
445 156420
446 157212
447 157410
448 158004
449 158006
450 159200
451 160400
452 161202
453 162006
454 162812
455 163620
456 164430
457 165242
458 166056
459 166872
460 167690
461 168510
462 169290
463 169332
464 170156
465 170982
466 171810
467 172640
468 173472
469 174306
470 175142
471 176399
472 177662
473 178506
474 179352
475 180180
476 180200
477 181050
478 181830
479 181902
480 182756
481 183612
482 184470
483 185330
484 186192
485 187056
486 187922
487 188790
488 189660
489 190532
490 191406
491 192282
492 193160
493 194040
494 194922
495 195054
496 195806
497 196692
498 197580
499 198470
500 199362
501 200256
502 201152
503 201894
504 202050
505 202950
506 203852
507 204756
508 205662
509 206570
510 207480
511 208392
512 208742
513 209306
514 210222
515 211140
516 212060
517 213443
518 214832
519 215760
520 216690
521 217622
522 218556
523 219492
524 220430
525 221370
526 222312
527 223138
528 223256
529 224202
530 225150
531 226100
532 227052
533 228006
534 228962
535 229920
536 230880
537 231842
538 232806
539 233772
540 234740
541 235710
542 236682
543 237656
544 238266
545 238632
546 239610
547 240590
548 241572
549 242556
550 243542
551 244530
552 245520
553 246512
554 247506
555 248502
556 249500
557 249984
558 250500
559 251502
560 252506
561 254015
562 256035
563 257556
564 258572
565 259590
566 260610
567 261632
568 262080
569 262656
570 263682
571 264710
572 265650
573 265740
574 266772
575 267806
576 268842
577 269880
578 270920
579 271962
580 273006
581 274052
582 274560
583 275100
584 276150
585 277200
586 277202
587 278256
588 279312
589 280370
590 281430
591 282492
592 283556
593 284622
594 285690
595 286760
596 287430
597 287832
598 288906
599 289982
600 291060
601 292140
602 293222
603 294306
604 295392
605 296480
606 297570
607 298662
608 299756

